12156,Au,Ti,O2F,AuTiO2F,3.961,1.4,0.3,0.28,3.39E-02,4.17E-02,9.43E-02,6.50E-02,1.84E-02,7.41E-02,4.18E-02,4.73E-02,1.79E-02,5.70E-03,9.15E-02,2.68E-02,5.72E-02,3.36E-02,3.90E-02,3.14E-02,3.50E-02,1.95E-02,1.65E-02,2.85E-02,7.90E-03,2.64E-02,3.55E-02,1.83E-02,2.87E-02,8.49E-03,2.88E-02,3.39E-02,3.70E-02,3.90E-02,3.66E-02,3.70E-02,3.70E-02,3.70E-02,3.65E-02,3.75E-02,3.70E-02,3.68E-02,3.74E-02,3.67E-02,3.75E-02,3.60E-02,3.70E-02,3.42E-02,3.62E-02,3.62E-02,3.77E-02,3.64E-02,3.64E-02,3.58E-02,3.08E-02,3.68E-02,3.53E-02,3.08E-02,3.68E-02,4.20E-02,3.34E-02,3.66E-02,3.04E-02,3.61E-02,3.61E-02,8.99E-03,3.93E-02,3.39E-02,2.85E-02,6.59E-02,3.96E-02,4.55E-02,7.59E-02,3.35E-02,5.65E-03,1.11E-02,4.53E-02,8.65E-03,1.05E-02
15921,Y,Al,O3,YAlO3,3.711,6.6,6.2,0.14,4.06E-02,4.81E-02,2.18E-02,2.93E-02,3.59E-02,0.00E+00,7.60E-03,3.27E-02,1.42E-02,1.34E-02,4.96E-03,3.72E-02,2.75E-02,3.36E-02,3.90E-02,2.78E-02,2.69E-02,1.16E-02,9.30E-03,2.69E-02,1.78E-02,4.49E-02,3.11E-02,4.92E-02,4.94E-02,9.19E-02,1.66E-02,3.54E-02,2.78E-02,2.93E-02,3.66E-02,3.70E-02,3.70E-02,3.70E-02,3.65E-02,3.75E-02,3.70E-02,3.68E-02,3.74E-02,3.67E-02,3.75E-02,3.60E-02,3.70E-02,3.42E-02,3.62E-02,3.62E-02,3.77E-02,3.64E-02,3.64E-02,3.58E-02,3.08E-02,3.68E-02,3.53E-02,3.08E-02,3.68E-02,4.20E-02,3.34E-02,3.66E-02,3.04E-02,3.61E-02,3.80E-02,9.53E-03,3.31E-02,2.85E-02,3.01E-02,2.83E-02,3.70E-02,3.56E-02,3.29E-02,3.74E-02,5.42E-02,9.48E-03,3.92E-02,1.73E-02,2.09E-02
13102,Cd,Ga,O2F,CdGaO2F,3.909,1.5,0.6,0.34,3.78E-02,1.38E-02,4.23E-02,3.71E-02,2.34E-02,0.00E+00,4.43E-02,4.61E-02,3.88E-02,1.03E-02,2.79E-02,1.32E-02,3.81E-02,2.24E-02,2.60E-02,3.19E-02,2.43E-02,2.54E-02,2.40E-02,3.17E-02,1.15E-02,4.55E-02,3.12E-02,4.20E-02,2.04E-02,1.57E-02,8.67E-03,3.98E-02,2.78E-02,2.93E-02,3.66E-02,3.70E-02,3.70E-02,3.70E-02,3.65E-02,3.75E-02,3.70E-02,3.68E-02,3.74E-02,3.67E-02,3.75E-02,3.60E-02,3.70E-02,3.42E-02,3.62E-02,3.62E-02,3.77E-02,3.64E-02,3.64E-02,3.58E-02,3.08E-02,3.68E-02,3.53E-02,3.08E-02,3.68E-02,4.20E-02,3.34E-02,3.66E-02,3.04E-02,3.61E-02,3.61E-02,8.99E-03,3.93E-02,3.39E-02,2.85E-02,6.59E-02,3.96E-02,4.55E-02,7.59E-02,3.35E-02,5.65E-03,1.11E-02,4.53E-02,8.65E-03,1.05E-02
15831,Pb,Pb,O3,PbPbO3,4.367,0.8,0.3,0.72,4.74E-02,2.69E-02,5.54E-02,6.84E-02,3.30E-02,3.66E-02,5.13E-02,3.80E-02,3.63E-02,5.74E-03,1.02E-02,1.03E-02,5.25E-02,4.48E-02,2.60E-02,6.13E-02,1.99E-02,4.88E-02,7.14E-02,4.90E-02,4.35E-02,4.98E-02,3.86E-02,6.13E-02,7.09E-03,1.37E-02,7.40E-03,5.13E-02,3.70E-02,1.95E-02,3.66E-02,3.70E-02,3.70E-02,3.70E-02,3.65E-02,3.75E-02,3.70E-02,3.68E-02,3.74E-02,3.67E-02,3.75E-02,3.60E-02,3.70E-02,3.42E-02,3.62E-02,3.62E-02,3.77E-02,3.64E-02,3.64E-02,3.58E-02,3.08E-02,3.68E-02,3.53E-02,3.08E-02,3.68E-02,4.20E-02,3.34E-02,3.66E-02,3.04E-02,3.61E-02,3.80E-02,9.53E-03,3.31E-02,2.85E-02,3.01E-02,2.83E-02,3.70E-02,3.56E-02,3.29E-02,3.74E-02,5.42E-02,9.48E-03,3.92E-02,1.73E-02,2.09E-02
14266,Bi,Tl,O3,BiTlO3,4.344,2.4,1.3,0.96,4.10E-02,2.45E-02,4.76E-02,6.90E-02,3.85E-02,3.66E-02,5.45E-02,3.74E-02,1.69E-02,5.43E-03,2.27E-03,2.39E-02,4.55E-02,5.60E-02,3.90E-02,8.19E-02,1.72E-02,5.09E-02,7.05E-02,4.61E-02,1.19E-02,4.67E-02,3.18E-02,6.37E-02,7.09E-03,1.79E-02,6.62E-03,4.49E-02,2.78E-02,9.76E-03,3.66E-02,3.70E-02,3.70E-02,3.70E-02,3.65E-02,3.75E-02,3.70E-02,3.68E-02,3.74E-02,3.67E-02,3.75E-02,3.60E-02,3.70E-02,3.42E-02,3.62E-02,3.62E-02,3.77E-02,3.64E-02,3.64E-02,3.58E-02,3.08E-02,3.68E-02,3.53E-02,3.08E-02,3.68E-02,4.20E-02,3.34E-02,3.66E-02,3.04E-02,3.61E-02,3.80E-02,9.53E-03,3.31E-02,2.85E-02,3.01E-02,2.83E-02,3.70E-02,3.56E-02,3.29E-02,3.74E-02,5.42E-02,9.48E-03,3.92E-02,1.73E-02,2.09E-02
3503,Zn,Ti,OFN,ZnTiOFN,4.023,1.8,0.8,0.5,2.95E-02,1.57E-02,3.48E-02,2.16E-02,1.65E-02,0.00E+00,4.37E-02,4.82E-02,3.80E-02,1.73E-02,3.35E-02,1.60E-02,3.72E-02,2.24E-02,2.60E-02,3.14E-02,3.50E-02,1.95E-02,1.65E-02,2.85E-02,7.90E-03,2.64E-02,3.55E-02,1.83E-02,2.87E-02,8.49E-03,2.88E-02,3.39E-02,3.70E-02,3.90E-02,3.66E-02,3.70E-02,3.70E-02,3.70E-02,3.65E-02,3.75E-02,3.70E-02,3.68E-02,3.74E-02,3.67E-02,3.75E-02,3.60E-02,3.70E-02,3.42E-02,3.62E-02,3.43E-02,3.55E-02,4.32E-02,4.33E-02,3.39E-02,7.17E-02,3.93E-02,4.51E-02,7.11E-02,3.29E-02,4.38E-03,3.91E-02,4.23E-02,1.52E-02,1.81E-02,4.64E-02,8.18E-03,2.90E-02,2.50E-02,3.93E-02,-1.41E-03,3.49E-02,3.80E-02,1.01E-02,4.24E-02,5.26E-03,1.54E-02,3.46E-02,4.33E-02,3.14E-02
8479,Sn,Zr,O2S,SnZrO2S,4.552,3,2.9,0.52,2.83E-02,3.83E-02,3.57E-02,3.92E-02,2.94E-02,4.03E-02,5.07E-02,3.77E-02,2.77E-02,1.01E-02,1.92E-02,1.56E-02,4.42E-02,4.48E-02,5.20E-02,4.33E-02,4.60E-02,2.80E-02,3.14E-02,3.75E-02,1.98E-02,2.70E-02,3.30E-02,1.21E-02,1.53E-02,8.80E-03,3.26E-02,2.93E-02,3.70E-02,3.90E-02,3.66E-02,3.70E-02,3.70E-02,3.70E-02,3.65E-02,3.75E-02,3.70E-02,3.68E-02,3.74E-02,3.67E-02,3.75E-02,3.60E-02,3.70E-02,3.42E-02,3.62E-02,3.62E-02,3.77E-02,3.64E-02,3.64E-02,3.58E-02,3.08E-02,3.68E-02,3.53E-02,3.08E-02,3.68E-02,4.20E-02,3.34E-02,3.66E-02,3.04E-02,3.61E-02,7.87E-03,7.59E-02,4.80E-02,5.71E-02,4.46E-02,4.03E-02,3.75E-02,2.71E-02,2.95E-03,2.89E-02,5.45E-02,7.39E-02,2.94E-02,5.19E-02,6.27E-02
8506,Be,Ge,O2S,BeGeO2S,4.13,1.1,0.4,1.08,1.79E-02,4.32E-02,9.04E-03,2.97E-03,8.83E-03,-7.99E-02,4.24E-02,4.78E-02,1.42E-02,8.12E-02,5.77E-02,2.54E-02,3.54E-02,2.24E-02,2.60E-02,2.73E-02,3.05E-02,2.29E-02,2.50E-02,3.59E-02,4.74E-02,4.86E-02,4.11E-02,1.21E-02,1.76E-02,2.32E-02,4.93E-02,4.43E-02,3.70E-02,3.90E-02,3.66E-02,3.70E-02,3.70E-02,3.70E-02,3.65E-02,3.75E-02,3.70E-02,3.68E-02,3.74E-02,3.67E-02,3.75E-02,3.60E-02,3.70E-02,3.42E-02,3.62E-02,3.62E-02,3.77E-02,3.64E-02,3.64E-02,3.58E-02,3.08E-02,3.68E-02,3.53E-02,3.08E-02,3.68E-02,4.20E-02,3.34E-02,3.66E-02,3.04E-02,3.61E-02,7.87E-03,7.59E-02,4.80E-02,5.71E-02,4.46E-02,4.03E-02,3.75E-02,2.71E-02,2.95E-03,2.89E-02,5.45E-02,7.39E-02,2.94E-02,5.19E-02,6.27E-02
1441,Sc,Mg,O2N,ScMgO2N,3.879,1.6,1.6,0.96,2.99E-02,4.14E-02,1.46E-02,1.48E-02,2.71E-02,6.02E-03,6.97E-03,3.35E-02,1.26E-02,2.53E-02,4.56E-03,3.49E-02,3.07E-02,3.36E-02,3.90E-02,3.71E-02,1.36E-02,7.48E-03,8.38E-03,3.79E-02,-9.09E-02,4.18E-02,3.98E-02,5.28E-02,5.60E-02,6.05E-02,1.39E-02,2.88E-02,1.85E-02,1.95E-02,3.66E-02,3.70E-02,3.70E-02,3.70E-02,3.65E-02,3.75E-02,3.70E-02,3.68E-02,3.74E-02,3.67E-02,3.75E-02,3.60E-02,3.70E-02,3.42E-02,3.62E-02,3.62E-02,3.77E-02,3.64E-02,3.64E-02,3.58E-02,3.08E-02,3.68E-02,3.53E-02,3.08E-02,3.68E-02,4.20E-02,3.34E-02,3.66E-02,3.04E-02,3.61E-02,4.64E-02,8.18E-03,2.90E-02,2.50E-02,3.93E-02,-1.41E-03,3.49E-02,3.80E-02,1.01E-02,4.24E-02,5.26E-03,1.54E-02,3.46E-02,4.33E-02,3.14E-02
8525,Cd,Si,O2S,CdSiO2S,4.101,2.8,1.9,1,3.78E-02,1.38E-02,4.23E-02,3.71E-02,2.34E-02,0.00E+00,4.43E-02,4.61E-02,3.88E-02,1.03E-02,2.79E-02,1.32E-02,3.81E-02,2.24E-02,2.60E-02,1.34E-02,2.58E-02,1.00E-02,9.68E-03,3.24E-02,5.28E-02,4.79E-02,4.24E-02,5.54E-03,3.85E-02,5.74E-02,7.78E-02,4.18E-02,3.70E-02,3.90E-02,3.66E-02,3.70E-02,3.70E-02,3.70E-02,3.65E-02,3.75E-02,3.70E-02,3.68E-02,3.74E-02,3.67E-02,3.75E-02,3.60E-02,3.70E-02,3.42E-02,3.62E-02,3.62E-02,3.77E-02,3.64E-02,3.64E-02,3.58E-02,3.08E-02,3.68E-02,3.53E-02,3.08E-02,3.68E-02,4.20E-02,3.34E-02,3.66E-02,3.04E-02,3.61E-02,7.87E-03,7.59E-02,4.80E-02,5.71E-02,4.46E-02,4.03E-02,3.75E-02,2.71E-02,2.95E-03,2.89E-02,5.45E-02,7.39E-02,2.94E-02,5.19E-02,6.27E-02
4544,Rb,Ta,OFN,RbTaOFN,4.224,1.4,1.4,0.42,6.41E-02,1.28E-02,7.48E-03,2.82E-02,1.01E-01,1.56E-02,2.53E-03,2.14E-02,1.15E-01,1.62E-02,1.68E-02,5.07E-03,1.85E-02,4.48E-02,1.30E-02,3.30E-02,5.63E-02,7.16E-02,6.24E-02,2.85E-02,2.37E-02,2.95E-02,4.10E-02,1.34E-02,7.69E-03,2.23E-02,5.58E-02,3.30E-02,4.63E-02,4.88E-02,3.66E-02,3.70E-02,3.70E-02,3.70E-02,3.65E-02,3.75E-02,3.70E-02,3.68E-02,3.74E-02,3.67E-02,3.75E-02,3.60E-02,3.70E-02,3.42E-02,3.62E-02,3.43E-02,3.55E-02,4.32E-02,4.33E-02,3.39E-02,7.17E-02,3.93E-02,4.51E-02,7.11E-02,3.29E-02,4.38E-03,3.91E-02,4.23E-02,1.52E-02,1.81E-02,4.64E-02,8.18E-03,2.90E-02,2.50E-02,3.93E-02,-1.41E-03,3.49E-02,3.80E-02,1.01E-02,4.24E-02,5.26E-03,1.54E-02,3.46E-02,4.33E-02,3.14E-02
11756,La,Ca,O2F,LaCaO2F,4.371,3.8,3.8,0.74,4.62E-02,4.98E-02,3.00E-02,4.58E-02,4.08E-02,1.66E-02,8.23E-03,2.86E-02,6.55E-03,8.46E-03,3.90E-03,2.45E-02,2.48E-02,3.36E-02,3.90E-02,5.15E-02,1.73E-02,6.66E-03,1.38E-02,7.14E-02,-6.16E-02,4.30E-03,3.18E-02,4.75E-02,3.55E-02,7.75E-02,1.32E-02,2.20E-02,1.85E-02,1.95E-02,3.66E-02,3.70E-02,3.70E-02,3.70E-02,3.65E-02,3.75E-02,3.70E-02,3.68E-02,3.74E-02,3.67E-02,3.75E-02,3.60E-02,3.70E-02,3.42E-02,3.62E-02,3.62E-02,3.77E-02,3.64E-02,3.64E-02,3.58E-02,3.08E-02,3.68E-02,3.53E-02,3.08E-02,3.68E-02,4.20E-02,3.34E-02,3.66E-02,3.04E-02,3.61E-02,3.61E-02,8.99E-03,3.93E-02,3.39E-02,2.85E-02,6.59E-02,3.96E-02,4.55E-02,7.59E-02,3.35E-02,5.65E-03,1.11E-02,4.53E-02,8.65E-03,1.05E-02
11125,Si,Ga,O2F,SiGaO2F,3.916,3.5,2.5,1.16,1.04E-02,3.50E-02,1.14E-02,9.27E-03,2.18E-02,4.45E-02,4.94E-02,4.18E-02,3.27E-03,3.12E-02,4.27E-02,1.09E-01,4.28E-02,4.48E-02,5.20E-02,3.19E-02,2.43E-02,2.54E-02,2.40E-02,3.17E-02,1.15E-02,4.55E-02,3.12E-02,4.20E-02,2.04E-02,1.57E-02,8.67E-03,3.98E-02,2.78E-02,2.93E-02,3.66E-02,3.70E-02,3.70E-02,3.70E-02,3.65E-02,3.75E-02,3.70E-02,3.68E-02,3.74E-02,3.67E-02,3.75E-02,3.60E-02,3.70E-02,3.42E-02,3.62E-02,3.62E-02,3.77E-02,3.64E-02,3.64E-02,3.58E-02,3.08E-02,3.68E-02,3.53E-02,3.08E-02,3.68E-02,4.20E-02,3.34E-02,3.66E-02,3.04E-02,3.61E-02,3.61E-02,8.99E-03,3.93E-02,3.39E-02,2.85E-02,6.59E-02,3.96E-02,4.55E-02,7.59E-02,3.35E-02,5.65E-03,1.11E-02,4.53E-02,8.65E-03,1.05E-02
15425,Sb,Al,O3,SbAlO3,3.802,3.1,2.6,0.32,3.03E-02,2.48E-02,3.27E-02,4.02E-02,3.29E-02,3.36E-02,5.38E-02,4.43E-02,1.38E-02,9.21E-03,7.01E-03,4.30E-02,4.62E-02,5.60E-02,3.90E-02,2.78E-02,2.69E-02,1.16E-02,9.30E-03,2.69E-02,1.78E-02,4.49E-02,3.11E-02,4.92E-02,4.94E-02,9.19E-02,1.66E-02,3.54E-02,2.78E-02,2.93E-02,3.66E-02,3.70E-02,3.70E-02,3.70E-02,3.65E-02,3.75E-02,3.70E-02,3.68E-02,3.74E-02,3.67E-02,3.75E-02,3.60E-02,3.70E-02,3.42E-02,3.62E-02,3.62E-02,3.77E-02,3.64E-02,3.64E-02,3.58E-02,3.08E-02,3.68E-02,3.53E-02,3.08E-02,3.68E-02,4.20E-02,3.34E-02,3.66E-02,3.04E-02,3.61E-02,3.80E-02,9.53E-03,3.31E-02,2.85E-02,3.01E-02,2.83E-02,3.70E-02,3.56E-02,3.29E-02,3.74E-02,5.42E-02,9.48E-03,3.92E-02,1.73E-02,2.09E-02
15342,Ca,Hf,O3,CaHfO3,4.129,7.3,7,0.02,3.98E-02,2.34E-02,7.57E-03,1.32E-02,4.81E-02,-5.19E-02,4.43E-03,3.13E-02,2.81E-02,2.88E-02,5.77E-02,1.85E-02,2.25E-02,2.24E-02,2.60E-02,4.28E-02,4.79E-02,5.72E-02,6.15E-02,3.63E-02,0.00E+00,2.77E-02,3.46E-02,1.26E-02,7.69E-03,8.92E-03,3.37E-02,2.86E-02,3.70E-02,3.90E-02,3.66E-02,3.70E-02,3.70E-02,3.70E-02,3.65E-02,3.75E-02,3.70E-02,3.68E-02,3.74E-02,3.67E-02,3.75E-02,3.60E-02,3.70E-02,3.42E-02,3.62E-02,3.62E-02,3.77E-02,3.64E-02,3.64E-02,3.58E-02,3.08E-02,3.68E-02,3.53E-02,3.08E-02,3.68E-02,4.20E-02,3.34E-02,3.66E-02,3.04E-02,3.61E-02,3.80E-02,9.53E-03,3.31E-02,2.85E-02,3.01E-02,2.83E-02,3.70E-02,3.56E-02,3.29E-02,3.74E-02,5.42E-02,9.48E-03,3.92E-02,1.73E-02,2.09E-02
1899,Pb,Nb,O2N,PbNbO2N,4.141,1.4,1.3,0.18,4.74E-02,2.69E-02,5.54E-02,6.84E-02,3.30E-02,3.66E-02,5.13E-02,3.80E-02,3.63E-02,5.74E-03,1.02E-02,1.03E-02,5.25E-02,4.48E-02,2.60E-02,3.30E-02,4.93E-02,3.68E-02,3.20E-02,2.93E-02,3.79E-02,2.89E-02,3.58E-02,1.55E-02,1.46E-02,2.08E-02,4.17E-02,3.52E-02,4.63E-02,4.88E-02,3.66E-02,3.70E-02,3.70E-02,3.70E-02,3.65E-02,3.75E-02,3.70E-02,3.68E-02,3.74E-02,3.67E-02,3.75E-02,3.60E-02,3.70E-02,3.42E-02,3.62E-02,3.62E-02,3.77E-02,3.64E-02,3.64E-02,3.58E-02,3.08E-02,3.68E-02,3.53E-02,3.08E-02,3.68E-02,4.20E-02,3.34E-02,3.66E-02,3.04E-02,3.61E-02,4.64E-02,8.18E-03,2.90E-02,2.50E-02,3.93E-02,-1.41E-03,3.49E-02,3.80E-02,1.01E-02,4.24E-02,5.26E-03,1.54E-02,3.46E-02,4.33E-02,3.14E-02
1595,Sc,Sn,O2N,ScSnO2N,4.125,3.4,2.3,0.82,2.99E-02,4.14E-02,1.46E-02,1.48E-02,2.71E-02,6.02E-03,6.97E-03,3.35E-02,1.26E-02,2.53E-02,4.56E-03,3.49E-02,3.07E-02,3.36E-02,3.90E-02,3.66E-02,2.83E-02,3.14E-02,4.09E-02,4.37E-02,4.78E-02,4.92E-02,3.82E-02,4.69E-02,1.25E-02,2.58E-02,1.12E-02,4.31E-02,3.70E-02,3.90E-02,3.66E-02,3.70E-02,3.70E-02,3.70E-02,3.65E-02,3.75E-02,3.70E-02,3.68E-02,3.74E-02,3.67E-02,3.75E-02,3.60E-02,3.70E-02,3.42E-02,3.62E-02,3.62E-02,3.77E-02,3.64E-02,3.64E-02,3.58E-02,3.08E-02,3.68E-02,3.53E-02,3.08E-02,3.68E-02,4.20E-02,3.34E-02,3.66E-02,3.04E-02,3.61E-02,4.64E-02,8.18E-03,2.90E-02,2.50E-02,3.93E-02,-1.41E-03,3.49E-02,3.80E-02,1.01E-02,4.24E-02,5.26E-03,1.54E-02,3.46E-02,4.33E-02,3.14E-02
8873,Ca,Ge,O2S,CaGeO2S,4.27,1.2,0.6,0.54,3.98E-02,2.34E-02,7.57E-03,1.32E-02,4.81E-02,-5.19E-02,4.43E-03,3.13E-02,2.81E-02,2.88E-02,5.77E-02,1.85E-02,2.25E-02,2.24E-02,2.60E-02,2.73E-02,3.05E-02,2.29E-02,2.50E-02,3.59E-02,4.74E-02,4.86E-02,4.11E-02,1.21E-02,1.76E-02,2.32E-02,4.93E-02,4.43E-02,3.70E-02,3.90E-02,3.66E-02,3.70E-02,3.70E-02,3.70E-02,3.65E-02,3.75E-02,3.70E-02,3.68E-02,3.74E-02,3.67E-02,3.75E-02,3.60E-02,3.70E-02,3.42E-02,3.62E-02,3.62E-02,3.77E-02,3.64E-02,3.64E-02,3.58E-02,3.08E-02,3.68E-02,3.53E-02,3.08E-02,3.68E-02,4.20E-02,3.34E-02,3.66E-02,3.04E-02,3.61E-02,7.87E-03,7.59E-02,4.80E-02,5.71E-02,4.46E-02,4.03E-02,3.75E-02,2.71E-02,2.95E-03,2.89E-02,5.45E-02,7.39E-02,2.94E-02,5.19E-02,6.27E-02
15588,Te,Mg,O3,TeMgO3,3.873,1,0.5,1.16,3.86E-02,1.68E-02,3.05E-02,4.21E-02,3.70E-02,6.33E-02,5.70E-02,4.62E-02,2.37E-02,8.99E-03,6.78E-04,3.79E-02,4.73E-02,6.72E-02,5.20E-02,3.71E-02,1.36E-02,7.48E-03,8.38E-03,3.79E-02,-9.09E-02,4.18E-02,3.98E-02,5.28E-02,5.60E-02,6.05E-02,1.39E-02,2.88E-02,1.85E-02,1.95E-02,3.66E-02,3.70E-02,3.70E-02,3.70E-02,3.65E-02,3.75E-02,3.70E-02,3.68E-02,3.74E-02,3.67E-02,3.75E-02,3.60E-02,3.70E-02,3.42E-02,3.62E-02,3.62E-02,3.77E-02,3.64E-02,3.64E-02,3.58E-02,3.08E-02,3.68E-02,3.53E-02,3.08E-02,3.68E-02,4.20E-02,3.34E-02,3.66E-02,3.04E-02,3.61E-02,3.80E-02,9.53E-03,3.31E-02,2.85E-02,3.01E-02,2.83E-02,3.70E-02,3.56E-02,3.29E-02,3.74E-02,5.42E-02,9.48E-03,3.92E-02,1.73E-02,2.09E-02
4057,Ge,Si,OFN,GeSiOFN,3.735,2.6,2,0.84,2.11E-02,4.14E-02,2.60E-02,2.40E-02,2.42E-02,3.99E-02,5.00E-02,4.05E-02,7.17E-03,1.42E-02,1.73E-02,6.90E-02,4.53E-02,4.48E-02,5.20E-02,1.34E-02,2.58E-02,1.00E-02,9.68E-03,3.24E-02,5.28E-02,4.79E-02,4.24E-02,5.54E-03,3.85E-02,5.74E-02,7.78E-02,4.18E-02,3.70E-02,3.90E-02,3.66E-02,3.70E-02,3.70E-02,3.70E-02,3.65E-02,3.75E-02,3.70E-02,3.68E-02,3.74E-02,3.67E-02,3.75E-02,3.60E-02,3.70E-02,3.42E-02,3.62E-02,3.43E-02,3.55E-02,4.32E-02,4.33E-02,3.39E-02,7.17E-02,3.93E-02,4.51E-02,7.11E-02,3.29E-02,4.38E-03,3.91E-02,4.23E-02,1.52E-02,1.81E-02,4.64E-02,8.18E-03,2.90E-02,2.50E-02,3.93E-02,-1.41E-03,3.49E-02,3.80E-02,1.01E-02,4.24E-02,5.26E-03,1.54E-02,3.46E-02,4.33E-02,3.14E-02
8692,Pb,Zr,O2S,PbZrO2S,4.579,3.7,3.4,0.48,4.74E-02,2.69E-02,5.54E-02,6.84E-02,3.30E-02,3.66E-02,5.13E-02,3.80E-02,3.63E-02,5.74E-03,1.02E-02,1.03E-02,5.25E-02,4.48E-02,2.60E-02,4.33E-02,4.60E-02,2.80E-02,3.14E-02,3.75E-02,1.98E-02,2.70E-02,3.30E-02,1.21E-02,1.53E-02,8.80E-03,3.26E-02,2.93E-02,3.70E-02,3.90E-02,3.66E-02,3.70E-02,3.70E-02,3.70E-02,3.65E-02,3.75E-02,3.70E-02,3.68E-02,3.74E-02,3.67E-02,3.75E-02,3.60E-02,3.70E-02,3.42E-02,3.62E-02,3.62E-02,3.77E-02,3.64E-02,3.64E-02,3.58E-02,3.08E-02,3.68E-02,3.53E-02,3.08E-02,3.68E-02,4.20E-02,3.34E-02,3.66E-02,3.04E-02,3.61E-02,7.87E-03,7.59E-02,4.80E-02,5.71E-02,4.46E-02,4.03E-02,3.75E-02,2.71E-02,2.95E-03,2.89E-02,5.45E-02,7.39E-02,2.94E-02,5.19E-02,6.27E-02
8357,Sr,Ti,O2S,SrTiO2S,4.381,3,2.6,0.32,5.02E-02,2.20E-02,1.24E-02,2.89E-02,6.10E-02,-5.59E-02,5.07E-03,2.92E-02,2.83E-02,1.34E-02,1.02E-03,1.78E-02,2.14E-02,2.24E-02,2.60E-02,3.14E-02,3.50E-02,1.95E-02,1.65E-02,2.85E-02,7.90E-03,2.64E-02,3.55E-02,1.83E-02,2.87E-02,8.49E-03,2.88E-02,3.39E-02,3.70E-02,3.90E-02,3.66E-02,3.70E-02,3.70E-02,3.70E-02,3.65E-02,3.75E-02,3.70E-02,3.68E-02,3.74E-02,3.67E-02,3.75E-02,3.60E-02,3.70E-02,3.42E-02,3.62E-02,3.62E-02,3.77E-02,3.64E-02,3.64E-02,3.58E-02,3.08E-02,3.68E-02,3.53E-02,3.08E-02,3.68E-02,4.20E-02,3.34E-02,3.66E-02,3.04E-02,3.61E-02,7.87E-03,7.59E-02,4.80E-02,5.71E-02,4.46E-02,4.03E-02,3.75E-02,2.71E-02,2.95E-03,2.89E-02,5.45E-02,7.39E-02,2.94E-02,5.19E-02,6.27E-02
13545,Ge,Sn,O3,GeSnO3,4.113,3.7,3.1,0.46,2.11E-02,4.14E-02,2.60E-02,2.40E-02,2.42E-02,3.99E-02,5.00E-02,4.05E-02,7.17E-03,1.42E-02,1.73E-02,6.90E-02,4.53E-02,4.48E-02,5.20E-02,3.66E-02,2.83E-02,3.14E-02,4.09E-02,4.37E-02,4.78E-02,4.92E-02,3.82E-02,4.69E-02,1.25E-02,2.58E-02,1.12E-02,4.31E-02,3.70E-02,3.90E-02,3.66E-02,3.70E-02,3.70E-02,3.70E-02,3.65E-02,3.75E-02,3.70E-02,3.68E-02,3.74E-02,3.67E-02,3.75E-02,3.60E-02,3.70E-02,3.42E-02,3.62E-02,3.62E-02,3.77E-02,3.64E-02,3.64E-02,3.58E-02,3.08E-02,3.68E-02,3.53E-02,3.08E-02,3.68E-02,4.20E-02,3.34E-02,3.66E-02,3.04E-02,3.61E-02,3.80E-02,9.53E-03,3.31E-02,2.85E-02,3.01E-02,2.83E-02,3.70E-02,3.56E-02,3.29E-02,3.74E-02,5.42E-02,9.48E-03,3.92E-02,1.73E-02,2.09E-02
11087,Ga,Zr,O2F,GaZrO2F,4.241,4.5,4,0.2,2.47E-02,3.30E-02,2.89E-02,2.30E-02,2.14E-02,9.65E-03,4.69E-02,3.08E-02,2.48E-02,1.65E-02,1.17E-02,1.21E-02,4.08E-02,3.36E-02,3.90E-02,4.33E-02,4.60E-02,2.80E-02,3.14E-02,3.75E-02,1.98E-02,2.70E-02,3.30E-02,1.21E-02,1.53E-02,8.80E-03,3.26E-02,2.93E-02,3.70E-02,3.90E-02,3.66E-02,3.70E-02,3.70E-02,3.70E-02,3.65E-02,3.75E-02,3.70E-02,3.68E-02,3.74E-02,3.67E-02,3.75E-02,3.60E-02,3.70E-02,3.42E-02,3.62E-02,3.62E-02,3.77E-02,3.64E-02,3.64E-02,3.58E-02,3.08E-02,3.68E-02,3.53E-02,3.08E-02,3.68E-02,4.20E-02,3.34E-02,3.66E-02,3.04E-02,3.61E-02,3.61E-02,8.99E-03,3.93E-02,3.39E-02,2.85E-02,6.59E-02,3.96E-02,4.55E-02,7.59E-02,3.35E-02,5.65E-03,1.11E-02,4.53E-02,8.65E-03,1.05E-02
818,Ti,B,O2N,TiBO2N,3.419,1.8,1,1.08,2.43E-02,4.74E-02,2.22E-02,1.58E-02,1.92E-02,6.66E-03,2.72E-02,3.50E-02,1.08E-02,2.33E-02,6.32E-03,4.03E-02,3.47E-02,4.48E-02,5.20E-02,1.19E-02,4.20E-02,1.01E-02,3.73E-03,1.25E-02,1.07E-02,4.43E-02,2.75E-02,1.00E-02,5.64E-02,1.05E-02,3.50E-02,4.49E-02,2.78E-02,2.93E-02,3.66E-02,3.70E-02,3.70E-02,3.70E-02,3.65E-02,3.75E-02,3.70E-02,3.68E-02,3.74E-02,3.67E-02,3.75E-02,3.60E-02,3.70E-02,3.42E-02,3.62E-02,3.62E-02,3.77E-02,3.64E-02,3.64E-02,3.58E-02,3.08E-02,3.68E-02,3.53E-02,3.08E-02,3.68E-02,4.20E-02,3.34E-02,3.66E-02,3.04E-02,3.61E-02,4.64E-02,8.18E-03,2.90E-02,2.50E-02,3.93E-02,-1.41E-03,3.49E-02,3.80E-02,1.01E-02,4.24E-02,5.26E-03,1.54E-02,3.46E-02,4.33E-02,3.14E-02
6122,As,Nb,ON2,AsNbON2,4.101,1.6,1.2,0.6,2.31E-02,1.17E-02,2.82E-02,2.47E-02,2.34E-02,2.56E-02,5.32E-02,5.03E-02,1.94E-02,1.47E-02,1.44E-02,6.01E-02,4.87E-02,5.60E-02,3.90E-02,3.30E-02,4.93E-02,3.68E-02,3.20E-02,2.93E-02,3.79E-02,2.89E-02,3.58E-02,1.55E-02,1.46E-02,2.08E-02,4.17E-02,3.52E-02,4.63E-02,4.88E-02,3.66E-02,3.70E-02,3.70E-02,3.70E-02,3.65E-02,3.75E-02,3.70E-02,3.68E-02,3.74E-02,3.67E-02,3.75E-02,3.60E-02,3.70E-02,3.42E-02,3.62E-02,4.42E-02,3.23E-02,3.19E-02,3.19E-02,4.67E-02,-1.53E-03,3.47E-02,3.77E-02,9.48E-03,4.16E-02,4.08E-03,5.41E-02,3.23E-02,7.60E-02,5.42E-02,4.64E-02,8.18E-03,2.90E-02,2.50E-02,3.93E-02,-1.41E-03,3.49E-02,3.80E-02,1.01E-02,4.24E-02,5.26E-03,1.54E-02,3.46E-02,4.33E-02,3.14E-02
8195,Pd,Ti,O2S,PdTiO2S,4.366,0.7,0.7,0.7,2.55E-02,4.31E-02,5.86E-02,3.51E-02,1.60E-02,2.00E-02,3.93E-02,4.28E-02,1.49E-02,1.09E-02,2.07E-02,3.63E-02,4.96E-02,4.48E-02,2.60E-02,3.14E-02,3.50E-02,1.95E-02,1.65E-02,2.85E-02,7.90E-03,2.64E-02,3.55E-02,1.83E-02,2.87E-02,8.49E-03,2.88E-02,3.39E-02,3.70E-02,3.90E-02,3.66E-02,3.70E-02,3.70E-02,3.70E-02,3.65E-02,3.75E-02,3.70E-02,3.68E-02,3.74E-02,3.67E-02,3.75E-02,3.60E-02,3.70E-02,3.42E-02,3.62E-02,3.62E-02,3.77E-02,3.64E-02,3.64E-02,3.58E-02,3.08E-02,3.68E-02,3.53E-02,3.08E-02,3.68E-02,4.20E-02,3.34E-02,3.66E-02,3.04E-02,3.61E-02,7.87E-03,7.59E-02,4.80E-02,5.71E-02,4.46E-02,4.03E-02,3.75E-02,2.71E-02,2.95E-03,2.89E-02,5.45E-02,7.39E-02,2.94E-02,5.19E-02,6.27E-02
4783,K,Ta,OFN,KTaOFN,4.177,1.5,1.5,0.36,6.01E-02,1.38E-02,4.20E-03,1.29E-02,8.24E-02,1.61E-02,1.90E-03,2.23E-02,1.03E-01,3.37E-02,2.96E-02,5.05E-03,1.85E-02,1.12E-02,1.30E-02,3.30E-02,5.63E-02,7.16E-02,6.24E-02,2.85E-02,2.37E-02,2.95E-02,4.10E-02,1.34E-02,7.69E-03,2.23E-02,5.58E-02,3.30E-02,4.63E-02,4.88E-02,3.66E-02,3.70E-02,3.70E-02,3.70E-02,3.65E-02,3.75E-02,3.70E-02,3.68E-02,3.74E-02,3.67E-02,3.75E-02,3.60E-02,3.70E-02,3.42E-02,3.62E-02,3.43E-02,3.55E-02,4.32E-02,4.33E-02,3.39E-02,7.17E-02,3.93E-02,4.51E-02,7.11E-02,3.29E-02,4.38E-03,3.91E-02,4.23E-02,1.52E-02,1.81E-02,4.64E-02,8.18E-03,2.90E-02,2.50E-02,3.93E-02,-1.41E-03,3.49E-02,3.80E-02,1.01E-02,4.24E-02,5.26E-03,1.54E-02,3.46E-02,4.33E-02,3.14E-02
14557,Sb,Y,O3,SbYO3,4.338,1.3,0.6,0.62,3.03E-02,2.48E-02,3.27E-02,4.02E-02,3.29E-02,3.36E-02,5.38E-02,4.43E-02,1.38E-02,9.21E-03,7.01E-03,4.30E-02,4.62E-02,5.60E-02,3.90E-02,5.26E-02,3.55E-02,1.92E-02,3.06E-02,5.32E-02,0.00E+00,7.38E-03,3.32E-02,2.41E-02,1.65E-02,6.67E-03,2.66E-02,2.69E-02,2.78E-02,2.93E-02,3.66E-02,3.70E-02,3.70E-02,3.70E-02,3.65E-02,3.75E-02,3.70E-02,3.68E-02,3.74E-02,3.67E-02,3.75E-02,3.60E-02,3.70E-02,3.42E-02,3.62E-02,3.62E-02,3.77E-02,3.64E-02,3.64E-02,3.58E-02,3.08E-02,3.68E-02,3.53E-02,3.08E-02,3.68E-02,4.20E-02,3.34E-02,3.66E-02,3.04E-02,3.61E-02,3.80E-02,9.53E-03,3.31E-02,2.85E-02,3.01E-02,2.83E-02,3.70E-02,3.56E-02,3.29E-02,3.74E-02,5.42E-02,9.48E-03,3.92E-02,1.73E-02,2.09E-02
11828,B,Sn,O2F,BSnO2F,4.127,2.7,1.9,1.76,9.16E-03,5.69E-02,1.14E-02,3.57E-03,8.39E-03,8.98E-03,4.56E-02,2.72E-02,5.92E-03,4.57E-02,7.79E-03,4.90E-02,4.60E-02,3.36E-02,3.90E-02,3.66E-02,2.83E-02,3.14E-02,4.09E-02,4.37E-02,4.78E-02,4.92E-02,3.82E-02,4.69E-02,1.25E-02,2.58E-02,1.12E-02,4.31E-02,3.70E-02,3.90E-02,3.66E-02,3.70E-02,3.70E-02,3.70E-02,3.65E-02,3.75E-02,3.70E-02,3.68E-02,3.74E-02,3.67E-02,3.75E-02,3.60E-02,3.70E-02,3.42E-02,3.62E-02,3.62E-02,3.77E-02,3.64E-02,3.64E-02,3.58E-02,3.08E-02,3.68E-02,3.53E-02,3.08E-02,3.68E-02,4.20E-02,3.34E-02,3.66E-02,3.04E-02,3.61E-02,3.61E-02,8.99E-03,3.93E-02,3.39E-02,2.85E-02,6.59E-02,3.96E-02,4.55E-02,7.59E-02,3.35E-02,5.65E-03,1.11E-02,4.53E-02,8.65E-03,1.05E-02
14974,La,Ga,O3,LaGaO3,3.951,5.6,5.5,-0.04,4.62E-02,4.98E-02,3.00E-02,4.58E-02,4.08E-02,1.66E-02,8.23E-03,2.86E-02,6.55E-03,8.46E-03,3.90E-03,2.45E-02,2.48E-02,3.36E-02,3.90E-02,3.19E-02,2.43E-02,2.54E-02,2.40E-02,3.17E-02,1.15E-02,4.55E-02,3.12E-02,4.20E-02,2.04E-02,1.57E-02,8.67E-03,3.98E-02,2.78E-02,2.93E-02,3.66E-02,3.70E-02,3.70E-02,3.70E-02,3.65E-02,3.75E-02,3.70E-02,3.68E-02,3.74E-02,3.67E-02,3.75E-02,3.60E-02,3.70E-02,3.42E-02,3.62E-02,3.62E-02,3.77E-02,3.64E-02,3.64E-02,3.58E-02,3.08E-02,3.68E-02,3.53E-02,3.08E-02,3.68E-02,4.20E-02,3.34E-02,3.66E-02,3.04E-02,3.61E-02,3.80E-02,9.53E-03,3.31E-02,2.85E-02,3.01E-02,2.83E-02,3.70E-02,3.56E-02,3.29E-02,3.74E-02,5.42E-02,9.48E-03,3.92E-02,1.73E-02,2.09E-02
9106,Al,Ga,O2S,AlGaO2S,4.187,0.5,0.2,1.46,2.15E-02,3.65E-02,1.32E-02,8.90E-03,1.81E-02,1.50E-02,4.62E-02,3.07E-02,2.91E-02,4.01E-02,6.84E-02,2.32E-02,3.63E-02,3.36E-02,3.90E-02,3.19E-02,2.43E-02,2.54E-02,2.40E-02,3.17E-02,1.15E-02,4.55E-02,3.12E-02,4.20E-02,2.04E-02,1.57E-02,8.67E-03,3.98E-02,2.78E-02,2.93E-02,3.66E-02,3.70E-02,3.70E-02,3.70E-02,3.65E-02,3.75E-02,3.70E-02,3.68E-02,3.74E-02,3.67E-02,3.75E-02,3.60E-02,3.70E-02,3.42E-02,3.62E-02,3.62E-02,3.77E-02,3.64E-02,3.64E-02,3.58E-02,3.08E-02,3.68E-02,3.53E-02,3.08E-02,3.68E-02,4.20E-02,3.34E-02,3.66E-02,3.04E-02,3.61E-02,7.87E-03,7.59E-02,4.80E-02,5.71E-02,4.46E-02,4.03E-02,3.75E-02,2.71E-02,2.95E-03,2.89E-02,5.45E-02,7.39E-02,2.94E-02,5.19E-02,6.27E-02
1721,Bi,Ge,O2N,BiGeO2N,3.926,1.7,0.5,0.54,4.10E-02,2.45E-02,4.76E-02,6.90E-02,3.85E-02,3.66E-02,5.45E-02,3.74E-02,1.69E-02,5.43E-03,2.27E-03,2.39E-02,4.55E-02,5.60E-02,3.90E-02,2.73E-02,3.05E-02,2.29E-02,2.50E-02,3.59E-02,4.74E-02,4.86E-02,4.11E-02,1.21E-02,1.76E-02,2.32E-02,4.93E-02,4.43E-02,3.70E-02,3.90E-02,3.66E-02,3.70E-02,3.70E-02,3.70E-02,3.65E-02,3.75E-02,3.70E-02,3.68E-02,3.74E-02,3.67E-02,3.75E-02,3.60E-02,3.70E-02,3.42E-02,3.62E-02,3.62E-02,3.77E-02,3.64E-02,3.64E-02,3.58E-02,3.08E-02,3.68E-02,3.53E-02,3.08E-02,3.68E-02,4.20E-02,3.34E-02,3.66E-02,3.04E-02,3.61E-02,4.64E-02,8.18E-03,2.90E-02,2.50E-02,3.93E-02,-1.41E-03,3.49E-02,3.80E-02,1.01E-02,4.24E-02,5.26E-03,1.54E-02,3.46E-02,4.33E-02,3.14E-02
240,Y,Pt,O2N,YPtO2N,4.049,0.2,0.2,1.28,4.06E-02,4.81E-02,2.18E-02,2.93E-02,3.59E-02,0.00E+00,7.60E-03,3.27E-02,1.42E-02,1.34E-02,4.96E-03,3.72E-02,2.75E-02,3.36E-02,3.90E-02,3.25E-02,4.03E-02,9.22E-02,6.72E-02,2.44E-02,8.11E-02,3.87E-02,4.68E-02,1.87E-02,7.14E-03,2.78E-02,3.05E-02,5.02E-02,3.70E-02,3.90E-02,3.66E-02,3.70E-02,3.70E-02,3.70E-02,3.65E-02,3.75E-02,3.70E-02,3.68E-02,3.74E-02,3.67E-02,3.75E-02,3.60E-02,3.70E-02,3.42E-02,3.62E-02,3.62E-02,3.77E-02,3.64E-02,3.64E-02,3.58E-02,3.08E-02,3.68E-02,3.53E-02,3.08E-02,3.68E-02,4.20E-02,3.34E-02,3.66E-02,3.04E-02,3.61E-02,4.64E-02,8.18E-03,2.90E-02,2.50E-02,3.93E-02,-1.41E-03,3.49E-02,3.80E-02,1.01E-02,4.24E-02,5.26E-03,1.54E-02,3.46E-02,4.33E-02,3.14E-02
2990,Na,Ta,OFN,NaTaOFN,4.123,1.8,1.7,0.38,4.06E-02,1.54E-02,4.74E-03,7.59E-03,4.33E-02,1.75E-02,1.27E-03,2.63E-02,8.94E-02,5.47E-02,4.07E-02,5.64E-03,2.10E-02,1.12E-02,1.30E-02,3.30E-02,5.63E-02,7.16E-02,6.24E-02,2.85E-02,2.37E-02,2.95E-02,4.10E-02,1.34E-02,7.69E-03,2.23E-02,5.58E-02,3.30E-02,4.63E-02,4.88E-02,3.66E-02,3.70E-02,3.70E-02,3.70E-02,3.65E-02,3.75E-02,3.70E-02,3.68E-02,3.74E-02,3.67E-02,3.75E-02,3.60E-02,3.70E-02,3.42E-02,3.62E-02,3.43E-02,3.55E-02,4.32E-02,4.33E-02,3.39E-02,7.17E-02,3.93E-02,4.51E-02,7.11E-02,3.29E-02,4.38E-03,3.91E-02,4.23E-02,1.52E-02,1.81E-02,4.64E-02,8.18E-03,2.90E-02,2.50E-02,3.93E-02,-1.41E-03,3.49E-02,3.80E-02,1.01E-02,4.24E-02,5.26E-03,1.54E-02,3.46E-02,4.33E-02,3.14E-02
6718,Hf,Ti,ON2,HfTiON2,3.913,2.4,2,0.5,3.31E-02,6.49E-02,6.50E-02,5.89E-02,2.44E-02,0.00E+00,2.85E-02,3.41E-02,7.43E-03,6.23E-03,6.64E-03,4.72E-02,2.93E-02,4.48E-02,5.20E-02,3.14E-02,3.50E-02,1.95E-02,1.65E-02,2.85E-02,7.90E-03,2.64E-02,3.55E-02,1.83E-02,2.87E-02,8.49E-03,2.88E-02,3.39E-02,3.70E-02,3.90E-02,3.66E-02,3.70E-02,3.70E-02,3.70E-02,3.65E-02,3.75E-02,3.70E-02,3.68E-02,3.74E-02,3.67E-02,3.75E-02,3.60E-02,3.70E-02,3.42E-02,3.62E-02,4.42E-02,3.23E-02,3.19E-02,3.19E-02,4.67E-02,-1.53E-03,3.47E-02,3.77E-02,9.48E-03,4.16E-02,4.08E-03,5.41E-02,3.23E-02,7.60E-02,5.42E-02,4.64E-02,8.18E-03,2.90E-02,2.50E-02,3.93E-02,-1.41E-03,3.49E-02,3.80E-02,1.01E-02,4.24E-02,5.26E-03,1.54E-02,3.46E-02,4.33E-02,3.14E-02
4185,Rb,Nb,OFN,RbNbOFN,4.258,1.1,1.1,0.52,6.41E-02,1.28E-02,7.48E-03,2.82E-02,1.01E-01,1.56E-02,2.53E-03,2.14E-02,1.15E-01,1.62E-02,1.68E-02,5.07E-03,1.85E-02,4.48E-02,1.30E-02,3.30E-02,4.93E-02,3.68E-02,3.20E-02,2.93E-02,3.79E-02,2.89E-02,3.58E-02,1.55E-02,1.46E-02,2.08E-02,4.17E-02,3.52E-02,4.63E-02,4.88E-02,3.66E-02,3.70E-02,3.70E-02,3.70E-02,3.65E-02,3.75E-02,3.70E-02,3.68E-02,3.74E-02,3.67E-02,3.75E-02,3.60E-02,3.70E-02,3.42E-02,3.62E-02,3.43E-02,3.55E-02,4.32E-02,4.33E-02,3.39E-02,7.17E-02,3.93E-02,4.51E-02,7.11E-02,3.29E-02,4.38E-03,3.91E-02,4.23E-02,1.52E-02,1.81E-02,4.64E-02,8.18E-03,2.90E-02,2.50E-02,3.93E-02,-1.41E-03,3.49E-02,3.80E-02,1.01E-02,4.24E-02,5.26E-03,1.54E-02,3.46E-02,4.33E-02,3.14E-02
15706,Si,Hf,O3,SiHfO3,4.122,3.5,2.6,0.76,1.04E-02,3.50E-02,1.14E-02,9.27E-03,2.18E-02,4.45E-02,4.94E-02,4.18E-02,3.27E-03,3.12E-02,4.27E-02,1.09E-01,4.28E-02,4.48E-02,5.20E-02,4.28E-02,4.79E-02,5.72E-02,6.15E-02,3.63E-02,0.00E+00,2.77E-02,3.46E-02,1.26E-02,7.69E-03,8.92E-03,3.37E-02,2.86E-02,3.70E-02,3.90E-02,3.66E-02,3.70E-02,3.70E-02,3.70E-02,3.65E-02,3.75E-02,3.70E-02,3.68E-02,3.74E-02,3.67E-02,3.75E-02,3.60E-02,3.70E-02,3.42E-02,3.62E-02,3.62E-02,3.77E-02,3.64E-02,3.64E-02,3.58E-02,3.08E-02,3.68E-02,3.53E-02,3.08E-02,3.68E-02,4.20E-02,3.34E-02,3.66E-02,3.04E-02,3.61E-02,3.80E-02,9.53E-03,3.31E-02,2.85E-02,3.01E-02,2.83E-02,3.70E-02,3.56E-02,3.29E-02,3.74E-02,5.42E-02,9.48E-03,3.92E-02,1.73E-02,2.09E-02
2904,Ge,Hf,OFN,GeHfOFN,4.212,1.2,0.6,0.74,2.11E-02,4.14E-02,2.60E-02,2.40E-02,2.42E-02,3.99E-02,5.00E-02,4.05E-02,7.17E-03,1.42E-02,1.73E-02,6.90E-02,4.53E-02,4.48E-02,5.20E-02,4.28E-02,4.79E-02,5.72E-02,6.15E-02,3.63E-02,0.00E+00,2.77E-02,3.46E-02,1.26E-02,7.69E-03,8.92E-03,3.37E-02,2.86E-02,3.70E-02,3.90E-02,3.66E-02,3.70E-02,3.70E-02,3.70E-02,3.65E-02,3.75E-02,3.70E-02,3.68E-02,3.74E-02,3.67E-02,3.75E-02,3.60E-02,3.70E-02,3.42E-02,3.62E-02,3.43E-02,3.55E-02,4.32E-02,4.33E-02,3.39E-02,7.17E-02,3.93E-02,4.51E-02,7.11E-02,3.29E-02,4.38E-03,3.91E-02,4.23E-02,1.52E-02,1.81E-02,4.64E-02,8.18E-03,2.90E-02,2.50E-02,3.93E-02,-1.41E-03,3.49E-02,3.80E-02,1.01E-02,4.24E-02,5.26E-03,1.54E-02,3.46E-02,4.33E-02,3.14E-02
15147,Ca,Ti,O3,CaTiO3,3.885,4.7,4.3,-0.12,3.98E-02,2.34E-02,7.57E-03,1.32E-02,4.81E-02,-5.19E-02,4.43E-03,3.13E-02,2.81E-02,2.88E-02,5.77E-02,1.85E-02,2.25E-02,2.24E-02,2.60E-02,3.14E-02,3.50E-02,1.95E-02,1.65E-02,2.85E-02,7.90E-03,2.64E-02,3.55E-02,1.83E-02,2.87E-02,8.49E-03,2.88E-02,3.39E-02,3.70E-02,3.90E-02,3.66E-02,3.70E-02,3.70E-02,3.70E-02,3.65E-02,3.75E-02,3.70E-02,3.68E-02,3.74E-02,3.67E-02,3.75E-02,3.60E-02,3.70E-02,3.42E-02,3.62E-02,3.62E-02,3.77E-02,3.64E-02,3.64E-02,3.58E-02,3.08E-02,3.68E-02,3.53E-02,3.08E-02,3.68E-02,4.20E-02,3.34E-02,3.66E-02,3.04E-02,3.61E-02,3.80E-02,9.53E-03,3.31E-02,2.85E-02,3.01E-02,2.83E-02,3.70E-02,3.56E-02,3.29E-02,3.74E-02,5.42E-02,9.48E-03,3.92E-02,1.73E-02,2.09E-02
4577,La,Sc,OFN,LaScOFN,4.195,2.1,2.1,0.4,4.62E-02,4.98E-02,3.00E-02,4.58E-02,4.08E-02,1.66E-02,8.23E-03,2.86E-02,6.55E-03,8.46E-03,3.90E-03,2.45E-02,2.48E-02,3.36E-02,3.90E-02,3.86E-02,3.05E-02,1.29E-02,1.55E-02,4.03E-02,7.15E-03,6.76E-03,3.40E-02,2.13E-02,3.12E-02,6.12E-03,2.50E-02,2.99E-02,2.78E-02,2.93E-02,3.66E-02,3.70E-02,3.70E-02,3.70E-02,3.65E-02,3.75E-02,3.70E-02,3.68E-02,3.74E-02,3.67E-02,3.75E-02,3.60E-02,3.70E-02,3.42E-02,3.62E-02,3.43E-02,3.55E-02,4.32E-02,4.33E-02,3.39E-02,7.17E-02,3.93E-02,4.51E-02,7.11E-02,3.29E-02,4.38E-03,3.91E-02,4.23E-02,1.52E-02,1.81E-02,4.64E-02,8.18E-03,2.90E-02,2.50E-02,3.93E-02,-1.41E-03,3.49E-02,3.80E-02,1.01E-02,4.24E-02,5.26E-03,1.54E-02,3.46E-02,4.33E-02,3.14E-02
17954,Cs,In,N3,CsInN3,4.499,0.3,0.3,2.68,6.93E-02,1.26E-02,9.13E-03,4.39E-02,7.36E-02,1.51E-02,3.17E-03,2.00E-02,1.26E-01,1.07E-02,1.04E-02,4.54E-03,1.78E-02,1.12E-02,1.30E-02,4.12E-02,2.31E-02,3.14E-02,3.96E-02,4.22E-02,1.15E-02,4.61E-02,3.01E-02,6.84E-02,1.28E-02,3.16E-02,5.05E-03,3.92E-02,2.78E-02,2.93E-02,4.47E-02,3.18E-02,3.24E-02,3.24E-02,4.77E-02,-1.86E-03,3.48E-02,3.93E-02,1.15E-02,4.16E-02,3.64E-03,5.83E-02,3.27E-02,8.55E-02,5.43E-02,4.42E-02,3.23E-02,3.19E-02,3.19E-02,4.67E-02,-1.53E-03,3.47E-02,3.77E-02,9.48E-03,4.16E-02,4.08E-03,5.41E-02,3.23E-02,7.60E-02,5.42E-02,4.64E-02,8.18E-03,2.90E-02,2.50E-02,3.93E-02,-1.41E-03,3.49E-02,3.80E-02,1.01E-02,4.24E-02,5.26E-03,1.54E-02,3.46E-02,4.33E-02,3.14E-02
3191,La,Ga,OFN,LaGaOFN,4.052,1.6,1.4,0.5,4.62E-02,4.98E-02,3.00E-02,4.58E-02,4.08E-02,1.66E-02,8.23E-03,2.86E-02,6.55E-03,8.46E-03,3.90E-03,2.45E-02,2.48E-02,3.36E-02,3.90E-02,3.19E-02,2.43E-02,2.54E-02,2.40E-02,3.17E-02,1.15E-02,4.55E-02,3.12E-02,4.20E-02,2.04E-02,1.57E-02,8.67E-03,3.98E-02,2.78E-02,2.93E-02,3.66E-02,3.70E-02,3.70E-02,3.70E-02,3.65E-02,3.75E-02,3.70E-02,3.68E-02,3.74E-02,3.67E-02,3.75E-02,3.60E-02,3.70E-02,3.42E-02,3.62E-02,3.43E-02,3.55E-02,4.32E-02,4.33E-02,3.39E-02,7.17E-02,3.93E-02,4.51E-02,7.11E-02,3.29E-02,4.38E-03,3.91E-02,4.23E-02,1.52E-02,1.81E-02,4.64E-02,8.18E-03,2.90E-02,2.50E-02,3.93E-02,-1.41E-03,3.49E-02,3.80E-02,1.01E-02,4.24E-02,5.26E-03,1.54E-02,3.46E-02,4.33E-02,3.14E-02
10464,Si,Zr,O2S,SiZrO2S,4.526,2.4,1.9,0.94,1.04E-02,3.50E-02,1.14E-02,9.27E-03,2.18E-02,4.45E-02,4.94E-02,4.18E-02,3.27E-03,3.12E-02,4.27E-02,1.09E-01,4.28E-02,4.48E-02,5.20E-02,4.33E-02,4.60E-02,2.80E-02,3.14E-02,3.75E-02,1.98E-02,2.70E-02,3.30E-02,1.21E-02,1.53E-02,8.80E-03,3.26E-02,2.93E-02,3.70E-02,3.90E-02,3.66E-02,3.70E-02,3.70E-02,3.70E-02,3.65E-02,3.75E-02,3.70E-02,3.68E-02,3.74E-02,3.67E-02,3.75E-02,3.60E-02,3.70E-02,3.42E-02,3.62E-02,3.62E-02,3.77E-02,3.64E-02,3.64E-02,3.58E-02,3.08E-02,3.68E-02,3.53E-02,3.08E-02,3.68E-02,4.20E-02,3.34E-02,3.66E-02,3.04E-02,3.61E-02,7.87E-03,7.59E-02,4.80E-02,5.71E-02,4.46E-02,4.03E-02,3.75E-02,2.71E-02,2.95E-03,2.89E-02,5.45E-02,7.39E-02,2.94E-02,5.19E-02,6.27E-02
16025,La,Al,O3,LaAlO3,3.842,6.3,6.3,-0.1,4.62E-02,4.98E-02,3.00E-02,4.58E-02,4.08E-02,1.66E-02,8.23E-03,2.86E-02,6.55E-03,8.46E-03,3.90E-03,2.45E-02,2.48E-02,3.36E-02,3.90E-02,2.78E-02,2.69E-02,1.16E-02,9.30E-03,2.69E-02,1.78E-02,4.49E-02,3.11E-02,4.92E-02,4.94E-02,9.19E-02,1.66E-02,3.54E-02,2.78E-02,2.93E-02,3.66E-02,3.70E-02,3.70E-02,3.70E-02,3.65E-02,3.75E-02,3.70E-02,3.68E-02,3.74E-02,3.67E-02,3.75E-02,3.60E-02,3.70E-02,3.42E-02,3.62E-02,3.62E-02,3.77E-02,3.64E-02,3.64E-02,3.58E-02,3.08E-02,3.68E-02,3.53E-02,3.08E-02,3.68E-02,4.20E-02,3.34E-02,3.66E-02,3.04E-02,3.61E-02,3.80E-02,9.53E-03,3.31E-02,2.85E-02,3.01E-02,2.83E-02,3.70E-02,3.56E-02,3.29E-02,3.74E-02,5.42E-02,9.48E-03,3.92E-02,1.73E-02,2.09E-02
12083,Na,Sn,O2F,NaSnO2F,4.159,1.8,1.1,0.5,4.06E-02,1.54E-02,4.74E-03,7.59E-03,4.33E-02,1.75E-02,1.27E-03,2.63E-02,8.94E-02,5.47E-02,4.07E-02,5.64E-03,2.10E-02,1.12E-02,1.30E-02,3.66E-02,2.83E-02,3.14E-02,4.09E-02,4.37E-02,4.78E-02,4.92E-02,3.82E-02,4.69E-02,1.25E-02,2.58E-02,1.12E-02,4.31E-02,3.70E-02,3.90E-02,3.66E-02,3.70E-02,3.70E-02,3.70E-02,3.65E-02,3.75E-02,3.70E-02,3.68E-02,3.74E-02,3.67E-02,3.75E-02,3.60E-02,3.70E-02,3.42E-02,3.62E-02,3.62E-02,3.77E-02,3.64E-02,3.64E-02,3.58E-02,3.08E-02,3.68E-02,3.53E-02,3.08E-02,3.68E-02,4.20E-02,3.34E-02,3.66E-02,3.04E-02,3.61E-02,3.61E-02,8.99E-03,3.93E-02,3.39E-02,2.85E-02,6.59E-02,3.96E-02,4.55E-02,7.59E-02,3.35E-02,5.65E-03,1.11E-02,4.53E-02,8.65E-03,1.05E-02
9005,Be,Be,O2S,BeBeO2S,3.7,3.6,3.2,1.22,1.79E-02,4.32E-02,9.04E-03,2.97E-03,8.83E-03,-7.99E-02,4.24E-02,4.78E-02,1.42E-02,8.12E-02,5.77E-02,2.54E-02,3.54E-02,2.24E-02,2.60E-02,2.32E-02,3.19E-02,7.95E-03,3.11E-03,1.31E-02,-9.48E-02,4.12E-02,4.85E-02,2.41E-02,1.00E-01,7.75E-02,1.82E-02,3.46E-02,1.85E-02,1.95E-02,3.66E-02,3.70E-02,3.70E-02,3.70E-02,3.65E-02,3.75E-02,3.70E-02,3.68E-02,3.74E-02,3.67E-02,3.75E-02,3.60E-02,3.70E-02,3.42E-02,3.62E-02,3.62E-02,3.77E-02,3.64E-02,3.64E-02,3.58E-02,3.08E-02,3.68E-02,3.53E-02,3.08E-02,3.68E-02,4.20E-02,3.34E-02,3.66E-02,3.04E-02,3.61E-02,7.87E-03,7.59E-02,4.80E-02,5.71E-02,4.46E-02,4.03E-02,3.75E-02,2.71E-02,2.95E-03,2.89E-02,5.45E-02,7.39E-02,2.94E-02,5.19E-02,6.27E-02
10471,Si,Ti,O2S,SiTiO2S,4.3,2.1,1.6,0.9,1.04E-02,3.50E-02,1.14E-02,9.27E-03,2.18E-02,4.45E-02,4.94E-02,4.18E-02,3.27E-03,3.12E-02,4.27E-02,1.09E-01,4.28E-02,4.48E-02,5.20E-02,3.14E-02,3.50E-02,1.95E-02,1.65E-02,2.85E-02,7.90E-03,2.64E-02,3.55E-02,1.83E-02,2.87E-02,8.49E-03,2.88E-02,3.39E-02,3.70E-02,3.90E-02,3.66E-02,3.70E-02,3.70E-02,3.70E-02,3.65E-02,3.75E-02,3.70E-02,3.68E-02,3.74E-02,3.67E-02,3.75E-02,3.60E-02,3.70E-02,3.42E-02,3.62E-02,3.62E-02,3.77E-02,3.64E-02,3.64E-02,3.58E-02,3.08E-02,3.68E-02,3.53E-02,3.08E-02,3.68E-02,4.20E-02,3.34E-02,3.66E-02,3.04E-02,3.61E-02,7.87E-03,7.59E-02,4.80E-02,5.71E-02,4.46E-02,4.03E-02,3.75E-02,2.71E-02,2.95E-03,2.89E-02,5.45E-02,7.39E-02,2.94E-02,5.19E-02,6.27E-02
8902,Na,Nb,O2S,NaNbO2S,4.397,2.2,1.8,0.46,4.06E-02,1.54E-02,4.74E-03,7.59E-03,4.33E-02,1.75E-02,1.27E-03,2.63E-02,8.94E-02,5.47E-02,4.07E-02,5.64E-03,2.10E-02,1.12E-02,1.30E-02,3.30E-02,4.93E-02,3.68E-02,3.20E-02,2.93E-02,3.79E-02,2.89E-02,3.58E-02,1.55E-02,1.46E-02,2.08E-02,4.17E-02,3.52E-02,4.63E-02,4.88E-02,3.66E-02,3.70E-02,3.70E-02,3.70E-02,3.65E-02,3.75E-02,3.70E-02,3.68E-02,3.74E-02,3.67E-02,3.75E-02,3.60E-02,3.70E-02,3.42E-02,3.62E-02,3.62E-02,3.77E-02,3.64E-02,3.64E-02,3.58E-02,3.08E-02,3.68E-02,3.53E-02,3.08E-02,3.68E-02,4.20E-02,3.34E-02,3.66E-02,3.04E-02,3.61E-02,7.87E-03,7.59E-02,4.80E-02,5.71E-02,4.46E-02,4.03E-02,3.75E-02,2.71E-02,2.95E-03,2.89E-02,5.45E-02,7.39E-02,2.94E-02,5.19E-02,6.27E-02
15391,Sr,Hf,O3,SrHfO3,4.165,7.2,6.9,-0.16,5.02E-02,2.20E-02,1.24E-02,2.89E-02,6.10E-02,-5.59E-02,5.07E-03,2.92E-02,2.83E-02,1.34E-02,1.02E-03,1.78E-02,2.14E-02,2.24E-02,2.60E-02,4.28E-02,4.79E-02,5.72E-02,6.15E-02,3.63E-02,0.00E+00,2.77E-02,3.46E-02,1.26E-02,7.69E-03,8.92E-03,3.37E-02,2.86E-02,3.70E-02,3.90E-02,3.66E-02,3.70E-02,3.70E-02,3.70E-02,3.65E-02,3.75E-02,3.70E-02,3.68E-02,3.74E-02,3.67E-02,3.75E-02,3.60E-02,3.70E-02,3.42E-02,3.62E-02,3.62E-02,3.77E-02,3.64E-02,3.64E-02,3.58E-02,3.08E-02,3.68E-02,3.53E-02,3.08E-02,3.68E-02,4.20E-02,3.34E-02,3.66E-02,3.04E-02,3.61E-02,3.80E-02,9.53E-03,3.31E-02,2.85E-02,3.01E-02,2.83E-02,3.70E-02,3.56E-02,3.29E-02,3.74E-02,5.42E-02,9.48E-03,3.92E-02,1.73E-02,2.09E-02
908,Hg,Ta,O2N,HgTaO2N,4.11,1.4,0.8,0.48,4.06E-02,8.39E-03,6.62E-02,6.62E-02,2.59E-02,0.00E+00,4.50E-02,5.35E-02,6.17E-02,6.23E-03,2.41E-03,4.97E-03,4.51E-02,2.24E-02,2.60E-02,3.30E-02,5.63E-02,7.16E-02,6.24E-02,2.85E-02,2.37E-02,2.95E-02,4.10E-02,1.34E-02,7.69E-03,2.23E-02,5.58E-02,3.30E-02,4.63E-02,4.88E-02,3.66E-02,3.70E-02,3.70E-02,3.70E-02,3.65E-02,3.75E-02,3.70E-02,3.68E-02,3.74E-02,3.67E-02,3.75E-02,3.60E-02,3.70E-02,3.42E-02,3.62E-02,3.62E-02,3.77E-02,3.64E-02,3.64E-02,3.58E-02,3.08E-02,3.68E-02,3.53E-02,3.08E-02,3.68E-02,4.20E-02,3.34E-02,3.66E-02,3.04E-02,3.61E-02,4.64E-02,8.18E-03,2.90E-02,2.50E-02,3.93E-02,-1.41E-03,3.49E-02,3.80E-02,1.01E-02,4.24E-02,5.26E-03,1.54E-02,3.46E-02,4.33E-02,3.14E-02
604,Y,Zr,O2N,YZrO2N,4.192,3.7,3.3,0.32,4.06E-02,4.81E-02,2.18E-02,2.93E-02,3.59E-02,0.00E+00,7.60E-03,3.27E-02,1.42E-02,1.34E-02,4.96E-03,3.72E-02,2.75E-02,3.36E-02,3.90E-02,4.33E-02,4.60E-02,2.80E-02,3.14E-02,3.75E-02,1.98E-02,2.70E-02,3.30E-02,1.21E-02,1.53E-02,8.80E-03,3.26E-02,2.93E-02,3.70E-02,3.90E-02,3.66E-02,3.70E-02,3.70E-02,3.70E-02,3.65E-02,3.75E-02,3.70E-02,3.68E-02,3.74E-02,3.67E-02,3.75E-02,3.60E-02,3.70E-02,3.42E-02,3.62E-02,3.62E-02,3.77E-02,3.64E-02,3.64E-02,3.58E-02,3.08E-02,3.68E-02,3.53E-02,3.08E-02,3.68E-02,4.20E-02,3.34E-02,3.66E-02,3.04E-02,3.61E-02,4.64E-02,8.18E-03,2.90E-02,2.50E-02,3.93E-02,-1.41E-03,3.49E-02,3.80E-02,1.01E-02,4.24E-02,5.26E-03,1.54E-02,3.46E-02,4.33E-02,3.14E-02
9759,Pt,Ge,O2S,PtGeO2S,4.309,0.3,0.3,0.94,2.51E-02,5.46E-02,1.05E-01,6.44E-02,1.65E-02,6.83E-02,3.99E-02,4.61E-02,1.11E-02,5.79E-03,2.07E-02,4.26E-02,5.14E-02,4.48E-02,5.20E-02,2.73E-02,3.05E-02,2.29E-02,2.50E-02,3.59E-02,4.74E-02,4.86E-02,4.11E-02,1.21E-02,1.76E-02,2.32E-02,4.93E-02,4.43E-02,3.70E-02,3.90E-02,3.66E-02,3.70E-02,3.70E-02,3.70E-02,3.65E-02,3.75E-02,3.70E-02,3.68E-02,3.74E-02,3.67E-02,3.75E-02,3.60E-02,3.70E-02,3.42E-02,3.62E-02,3.62E-02,3.77E-02,3.64E-02,3.64E-02,3.58E-02,3.08E-02,3.68E-02,3.53E-02,3.08E-02,3.68E-02,4.20E-02,3.34E-02,3.66E-02,3.04E-02,3.61E-02,7.87E-03,7.59E-02,4.80E-02,5.71E-02,4.46E-02,4.03E-02,3.75E-02,2.71E-02,2.95E-03,2.89E-02,5.45E-02,7.39E-02,2.94E-02,5.19E-02,6.27E-02
15113,Cs,V,O3,CsVO3,4.09,0.8,0.8,0.12,6.93E-02,1.26E-02,9.13E-03,4.39E-02,7.36E-02,1.51E-02,3.17E-03,2.00E-02,1.26E-01,1.07E-02,1.04E-02,4.54E-03,1.78E-02,1.12E-02,1.30E-02,2.78E-02,3.59E-02,2.63E-02,1.76E-02,2.23E-02,1.98E-02,2.83E-02,3.50E-02,1.79E-02,2.69E-02,1.19E-02,3.53E-02,3.59E-02,4.63E-02,4.88E-02,3.66E-02,3.70E-02,3.70E-02,3.70E-02,3.65E-02,3.75E-02,3.70E-02,3.68E-02,3.74E-02,3.67E-02,3.75E-02,3.60E-02,3.70E-02,3.42E-02,3.62E-02,3.62E-02,3.77E-02,3.64E-02,3.64E-02,3.58E-02,3.08E-02,3.68E-02,3.53E-02,3.08E-02,3.68E-02,4.20E-02,3.34E-02,3.66E-02,3.04E-02,3.61E-02,3.80E-02,9.53E-03,3.31E-02,2.85E-02,3.01E-02,2.83E-02,3.70E-02,3.56E-02,3.29E-02,3.74E-02,5.42E-02,9.48E-03,3.92E-02,1.73E-02,2.09E-02
9589,Sc,Na,O2S,ScNaO2S,4.279,1.1,0.7,1.38,2.99E-02,4.14E-02,1.46E-02,1.48E-02,2.71E-02,6.02E-03,6.97E-03,3.35E-02,1.26E-02,2.53E-02,4.56E-03,3.49E-02,3.07E-02,3.36E-02,3.90E-02,5.26E-02,1.14E-02,4.17E-03,7.93E-03,6.43E-02,2.08E-02,1.23E-03,2.67E-02,1.51E-01,6.76E-02,5.47E-02,4.03E-03,2.05E-02,9.26E-03,9.76E-03,3.66E-02,3.70E-02,3.70E-02,3.70E-02,3.65E-02,3.75E-02,3.70E-02,3.68E-02,3.74E-02,3.67E-02,3.75E-02,3.60E-02,3.70E-02,3.42E-02,3.62E-02,3.62E-02,3.77E-02,3.64E-02,3.64E-02,3.58E-02,3.08E-02,3.68E-02,3.53E-02,3.08E-02,3.68E-02,4.20E-02,3.34E-02,3.66E-02,3.04E-02,3.61E-02,7.87E-03,7.59E-02,4.80E-02,5.71E-02,4.46E-02,4.03E-02,3.75E-02,2.71E-02,2.95E-03,2.89E-02,5.45E-02,7.39E-02,2.94E-02,5.19E-02,6.27E-02
9978,Be,Ti,O2S,BeTiO2S,4.118,2.7,1.9,1.14,1.79E-02,4.32E-02,9.04E-03,2.97E-03,8.83E-03,-7.99E-02,4.24E-02,4.78E-02,1.42E-02,8.12E-02,5.77E-02,2.54E-02,3.54E-02,2.24E-02,2.60E-02,3.14E-02,3.50E-02,1.95E-02,1.65E-02,2.85E-02,7.90E-03,2.64E-02,3.55E-02,1.83E-02,2.87E-02,8.49E-03,2.88E-02,3.39E-02,3.70E-02,3.90E-02,3.66E-02,3.70E-02,3.70E-02,3.70E-02,3.65E-02,3.75E-02,3.70E-02,3.68E-02,3.74E-02,3.67E-02,3.75E-02,3.60E-02,3.70E-02,3.42E-02,3.62E-02,3.62E-02,3.77E-02,3.64E-02,3.64E-02,3.58E-02,3.08E-02,3.68E-02,3.53E-02,3.08E-02,3.68E-02,4.20E-02,3.34E-02,3.66E-02,3.04E-02,3.61E-02,7.87E-03,7.59E-02,4.80E-02,5.71E-02,4.46E-02,4.03E-02,3.75E-02,2.71E-02,2.95E-03,2.89E-02,5.45E-02,7.39E-02,2.94E-02,5.19E-02,6.27E-02
16158,Y,Y,O3,YYO3,4.327,3.7,3.7,0.56,4.06E-02,4.81E-02,2.18E-02,2.93E-02,3.59E-02,0.00E+00,7.60E-03,3.27E-02,1.42E-02,1.34E-02,4.96E-03,3.72E-02,2.75E-02,3.36E-02,3.90E-02,5.26E-02,3.55E-02,1.92E-02,3.06E-02,5.32E-02,0.00E+00,7.38E-03,3.32E-02,2.41E-02,1.65E-02,6.67E-03,2.66E-02,2.69E-02,2.78E-02,2.93E-02,3.66E-02,3.70E-02,3.70E-02,3.70E-02,3.65E-02,3.75E-02,3.70E-02,3.68E-02,3.74E-02,3.67E-02,3.75E-02,3.60E-02,3.70E-02,3.42E-02,3.62E-02,3.62E-02,3.77E-02,3.64E-02,3.64E-02,3.58E-02,3.08E-02,3.68E-02,3.53E-02,3.08E-02,3.68E-02,4.20E-02,3.34E-02,3.66E-02,3.04E-02,3.61E-02,3.80E-02,9.53E-03,3.31E-02,2.85E-02,3.01E-02,2.83E-02,3.70E-02,3.56E-02,3.29E-02,3.74E-02,5.42E-02,9.48E-03,3.92E-02,1.73E-02,2.09E-02
9185,Y,Sc,O2S,YScO2S,4.374,3.8,3,0.68,4.06E-02,4.81E-02,2.18E-02,2.93E-02,3.59E-02,0.00E+00,7.60E-03,3.27E-02,1.42E-02,1.34E-02,4.96E-03,3.72E-02,2.75E-02,3.36E-02,3.90E-02,3.86E-02,3.05E-02,1.29E-02,1.55E-02,4.03E-02,7.15E-03,6.76E-03,3.40E-02,2.13E-02,3.12E-02,6.12E-03,2.50E-02,2.99E-02,2.78E-02,2.93E-02,3.66E-02,3.70E-02,3.70E-02,3.70E-02,3.65E-02,3.75E-02,3.70E-02,3.68E-02,3.74E-02,3.67E-02,3.75E-02,3.60E-02,3.70E-02,3.42E-02,3.62E-02,3.62E-02,3.77E-02,3.64E-02,3.64E-02,3.58E-02,3.08E-02,3.68E-02,3.53E-02,3.08E-02,3.68E-02,4.20E-02,3.34E-02,3.66E-02,3.04E-02,3.61E-02,7.87E-03,7.59E-02,4.80E-02,5.71E-02,4.46E-02,4.03E-02,3.75E-02,2.71E-02,2.95E-03,2.89E-02,5.45E-02,7.39E-02,2.94E-02,5.19E-02,6.27E-02
816,Sc,Ca,O2N,ScCaO2N,4.219,1,0.6,1.34,2.99E-02,4.14E-02,1.46E-02,1.48E-02,2.71E-02,6.02E-03,6.97E-03,3.35E-02,1.26E-02,2.53E-02,4.56E-03,3.49E-02,3.07E-02,3.36E-02,3.90E-02,5.15E-02,1.73E-02,6.66E-03,1.38E-02,7.14E-02,-6.16E-02,4.30E-03,3.18E-02,4.75E-02,3.55E-02,7.75E-02,1.32E-02,2.20E-02,1.85E-02,1.95E-02,3.66E-02,3.70E-02,3.70E-02,3.70E-02,3.65E-02,3.75E-02,3.70E-02,3.68E-02,3.74E-02,3.67E-02,3.75E-02,3.60E-02,3.70E-02,3.42E-02,3.62E-02,3.62E-02,3.77E-02,3.64E-02,3.64E-02,3.58E-02,3.08E-02,3.68E-02,3.53E-02,3.08E-02,3.68E-02,4.20E-02,3.34E-02,3.66E-02,3.04E-02,3.61E-02,4.64E-02,8.18E-03,2.90E-02,2.50E-02,3.93E-02,-1.41E-03,3.49E-02,3.80E-02,1.01E-02,4.24E-02,5.26E-03,1.54E-02,3.46E-02,4.33E-02,3.14E-02
3,Hg,Nb,O2N,HgNbO2N,4.13,1.6,1,0.54,4.06E-02,8.39E-03,6.62E-02,6.62E-02,2.59E-02,0.00E+00,4.50E-02,5.35E-02,6.17E-02,6.23E-03,2.41E-03,4.97E-03,4.51E-02,2.24E-02,2.60E-02,3.30E-02,4.93E-02,3.68E-02,3.20E-02,2.93E-02,3.79E-02,2.89E-02,3.58E-02,1.55E-02,1.46E-02,2.08E-02,4.17E-02,3.52E-02,4.63E-02,4.88E-02,3.66E-02,3.70E-02,3.70E-02,3.70E-02,3.65E-02,3.75E-02,3.70E-02,3.68E-02,3.74E-02,3.67E-02,3.75E-02,3.60E-02,3.70E-02,3.42E-02,3.62E-02,3.62E-02,3.77E-02,3.64E-02,3.64E-02,3.58E-02,3.08E-02,3.68E-02,3.53E-02,3.08E-02,3.68E-02,4.20E-02,3.34E-02,3.66E-02,3.04E-02,3.61E-02,4.64E-02,8.18E-03,2.90E-02,2.50E-02,3.93E-02,-1.41E-03,3.49E-02,3.80E-02,1.01E-02,4.24E-02,5.26E-03,1.54E-02,3.46E-02,4.33E-02,3.14E-02
2929,Si,Hf,OFN,SiHfOFN,4.201,0.9,0.4,1.16,1.04E-02,3.50E-02,1.14E-02,9.27E-03,2.18E-02,4.45E-02,4.94E-02,4.18E-02,3.27E-03,3.12E-02,4.27E-02,1.09E-01,4.28E-02,4.48E-02,5.20E-02,4.28E-02,4.79E-02,5.72E-02,6.15E-02,3.63E-02,0.00E+00,2.77E-02,3.46E-02,1.26E-02,7.69E-03,8.92E-03,3.37E-02,2.86E-02,3.70E-02,3.90E-02,3.66E-02,3.70E-02,3.70E-02,3.70E-02,3.65E-02,3.75E-02,3.70E-02,3.68E-02,3.74E-02,3.67E-02,3.75E-02,3.60E-02,3.70E-02,3.42E-02,3.62E-02,3.43E-02,3.55E-02,4.32E-02,4.33E-02,3.39E-02,7.17E-02,3.93E-02,4.51E-02,7.11E-02,3.29E-02,4.38E-03,3.91E-02,4.23E-02,1.52E-02,1.81E-02,4.64E-02,8.18E-03,2.90E-02,2.50E-02,3.93E-02,-1.41E-03,3.49E-02,3.80E-02,1.01E-02,4.24E-02,5.26E-03,1.54E-02,3.46E-02,4.33E-02,3.14E-02
12169,Sc,Zn,O2F,ScZnO2F,3.949,2.3,1.9,0.86,2.99E-02,4.14E-02,1.46E-02,1.48E-02,2.71E-02,6.02E-03,6.97E-03,3.35E-02,1.26E-02,2.53E-02,4.56E-03,3.49E-02,3.07E-02,3.36E-02,3.90E-02,3.81E-02,1.16E-02,3.07E-02,2.25E-02,2.44E-02,0.00E+00,4.24E-02,4.88E-02,6.43E-02,2.13E-02,4.50E-02,1.14E-02,3.63E-02,1.85E-02,1.95E-02,3.66E-02,3.70E-02,3.70E-02,3.70E-02,3.65E-02,3.75E-02,3.70E-02,3.68E-02,3.74E-02,3.67E-02,3.75E-02,3.60E-02,3.70E-02,3.42E-02,3.62E-02,3.62E-02,3.77E-02,3.64E-02,3.64E-02,3.58E-02,3.08E-02,3.68E-02,3.53E-02,3.08E-02,3.68E-02,4.20E-02,3.34E-02,3.66E-02,3.04E-02,3.61E-02,3.61E-02,8.99E-03,3.93E-02,3.39E-02,2.85E-02,6.59E-02,3.96E-02,4.55E-02,7.59E-02,3.35E-02,5.65E-03,1.11E-02,4.53E-02,8.65E-03,1.05E-02
7794,Ti,Ti,ON2,TiTiON2,3.904,1.2,0.6,0.54,2.43E-02,4.74E-02,2.22E-02,1.58E-02,1.92E-02,6.66E-03,2.72E-02,3.50E-02,1.08E-02,2.33E-02,6.32E-03,4.03E-02,3.47E-02,4.48E-02,5.20E-02,3.14E-02,3.50E-02,1.95E-02,1.65E-02,2.85E-02,7.90E-03,2.64E-02,3.55E-02,1.83E-02,2.87E-02,8.49E-03,2.88E-02,3.39E-02,3.70E-02,3.90E-02,3.66E-02,3.70E-02,3.70E-02,3.70E-02,3.65E-02,3.75E-02,3.70E-02,3.68E-02,3.74E-02,3.67E-02,3.75E-02,3.60E-02,3.70E-02,3.42E-02,3.62E-02,4.42E-02,3.23E-02,3.19E-02,3.19E-02,4.67E-02,-1.53E-03,3.47E-02,3.77E-02,9.48E-03,4.16E-02,4.08E-03,5.41E-02,3.23E-02,7.60E-02,5.42E-02,4.64E-02,8.18E-03,2.90E-02,2.50E-02,3.93E-02,-1.41E-03,3.49E-02,3.80E-02,1.01E-02,4.24E-02,5.26E-03,1.54E-02,3.46E-02,4.33E-02,3.14E-02
1813,Sn,Nb,O2N,SnNbO2N,4.147,0.7,0.5,0.18,2.83E-02,3.83E-02,3.57E-02,3.92E-02,2.94E-02,4.03E-02,5.07E-02,3.77E-02,2.77E-02,1.01E-02,1.92E-02,1.56E-02,4.42E-02,4.48E-02,5.20E-02,3.30E-02,4.93E-02,3.68E-02,3.20E-02,2.93E-02,3.79E-02,2.89E-02,3.58E-02,1.55E-02,1.46E-02,2.08E-02,4.17E-02,3.52E-02,4.63E-02,4.88E-02,3.66E-02,3.70E-02,3.70E-02,3.70E-02,3.65E-02,3.75E-02,3.70E-02,3.68E-02,3.74E-02,3.67E-02,3.75E-02,3.60E-02,3.70E-02,3.42E-02,3.62E-02,3.62E-02,3.77E-02,3.64E-02,3.64E-02,3.58E-02,3.08E-02,3.68E-02,3.53E-02,3.08E-02,3.68E-02,4.20E-02,3.34E-02,3.66E-02,3.04E-02,3.61E-02,4.64E-02,8.18E-03,2.90E-02,2.50E-02,3.93E-02,-1.41E-03,3.49E-02,3.80E-02,1.01E-02,4.24E-02,5.26E-03,1.54E-02,3.46E-02,4.33E-02,3.14E-02
10388,Ag,Nb,O2S,AgNbO2S,4.391,1.5,1.5,0.4,4.58E-02,3.24E-02,5.13E-02,3.56E-02,1.85E-02,4.18E-02,4.12E-02,3.88E-02,2.38E-02,1.05E-02,1.24E-01,2.45E-02,4.35E-02,2.24E-02,1.30E-02,3.30E-02,4.93E-02,3.68E-02,3.20E-02,2.93E-02,3.79E-02,2.89E-02,3.58E-02,1.55E-02,1.46E-02,2.08E-02,4.17E-02,3.52E-02,4.63E-02,4.88E-02,3.66E-02,3.70E-02,3.70E-02,3.70E-02,3.65E-02,3.75E-02,3.70E-02,3.68E-02,3.74E-02,3.67E-02,3.75E-02,3.60E-02,3.70E-02,3.42E-02,3.62E-02,3.62E-02,3.77E-02,3.64E-02,3.64E-02,3.58E-02,3.08E-02,3.68E-02,3.53E-02,3.08E-02,3.68E-02,4.20E-02,3.34E-02,3.66E-02,3.04E-02,3.61E-02,7.87E-03,7.59E-02,4.80E-02,5.71E-02,4.46E-02,4.03E-02,3.75E-02,2.71E-02,2.95E-03,2.89E-02,5.45E-02,7.39E-02,2.94E-02,5.19E-02,6.27E-02
15563,Bi,In,O3,BiInO3,4.197,3.3,2.3,0.7,4.10E-02,2.45E-02,4.76E-02,6.90E-02,3.85E-02,3.66E-02,5.45E-02,3.74E-02,1.69E-02,5.43E-03,2.27E-03,2.39E-02,4.55E-02,5.60E-02,3.90E-02,4.12E-02,2.31E-02,3.14E-02,3.96E-02,4.22E-02,1.15E-02,4.61E-02,3.01E-02,6.84E-02,1.28E-02,3.16E-02,5.05E-03,3.92E-02,2.78E-02,2.93E-02,3.66E-02,3.70E-02,3.70E-02,3.70E-02,3.65E-02,3.75E-02,3.70E-02,3.68E-02,3.74E-02,3.67E-02,3.75E-02,3.60E-02,3.70E-02,3.42E-02,3.62E-02,3.62E-02,3.77E-02,3.64E-02,3.64E-02,3.58E-02,3.08E-02,3.68E-02,3.53E-02,3.08E-02,3.68E-02,4.20E-02,3.34E-02,3.66E-02,3.04E-02,3.61E-02,3.80E-02,9.53E-03,3.31E-02,2.85E-02,3.01E-02,2.83E-02,3.70E-02,3.56E-02,3.29E-02,3.74E-02,5.42E-02,9.48E-03,3.92E-02,1.73E-02,2.09E-02
5246,Sn,Hf,OFN,SnHfOFN,4.252,1.3,0.8,0.52,2.83E-02,3.83E-02,3.57E-02,3.92E-02,2.94E-02,4.03E-02,5.07E-02,3.77E-02,2.77E-02,1.01E-02,1.92E-02,1.56E-02,4.42E-02,4.48E-02,5.20E-02,4.28E-02,4.79E-02,5.72E-02,6.15E-02,3.63E-02,0.00E+00,2.77E-02,3.46E-02,1.26E-02,7.69E-03,8.92E-03,3.37E-02,2.86E-02,3.70E-02,3.90E-02,3.66E-02,3.70E-02,3.70E-02,3.70E-02,3.65E-02,3.75E-02,3.70E-02,3.68E-02,3.74E-02,3.67E-02,3.75E-02,3.60E-02,3.70E-02,3.42E-02,3.62E-02,3.43E-02,3.55E-02,4.32E-02,4.33E-02,3.39E-02,7.17E-02,3.93E-02,4.51E-02,7.11E-02,3.29E-02,4.38E-03,3.91E-02,4.23E-02,1.52E-02,1.81E-02,4.64E-02,8.18E-03,2.90E-02,2.50E-02,3.93E-02,-1.41E-03,3.49E-02,3.80E-02,1.01E-02,4.24E-02,5.26E-03,1.54E-02,3.46E-02,4.33E-02,3.14E-02
8754,Zr,Sn,O2S,ZrSnO2S,4.569,0.2,0.2,1.4,3.35E-02,6.23E-02,3.18E-02,3.01E-02,2.53E-02,1.66E-02,2.79E-02,3.25E-02,7.17E-03,1.24E-02,6.55E-03,4.55E-02,3.00E-02,4.48E-02,5.20E-02,3.66E-02,2.83E-02,3.14E-02,4.09E-02,4.37E-02,4.78E-02,4.92E-02,3.82E-02,4.69E-02,1.25E-02,2.58E-02,1.12E-02,4.31E-02,3.70E-02,3.90E-02,3.66E-02,3.70E-02,3.70E-02,3.70E-02,3.65E-02,3.75E-02,3.70E-02,3.68E-02,3.74E-02,3.67E-02,3.75E-02,3.60E-02,3.70E-02,3.42E-02,3.62E-02,3.62E-02,3.77E-02,3.64E-02,3.64E-02,3.58E-02,3.08E-02,3.68E-02,3.53E-02,3.08E-02,3.68E-02,4.20E-02,3.34E-02,3.66E-02,3.04E-02,3.61E-02,7.87E-03,7.59E-02,4.80E-02,5.71E-02,4.46E-02,4.03E-02,3.75E-02,2.71E-02,2.95E-03,2.89E-02,5.45E-02,7.39E-02,2.94E-02,5.19E-02,6.27E-02
9877,Sb,Ga,O2S,SbGaO2S,4.327,1.8,0.9,0.68,3.03E-02,2.48E-02,3.27E-02,4.02E-02,3.29E-02,3.36E-02,5.38E-02,4.43E-02,1.38E-02,9.21E-03,7.01E-03,4.30E-02,4.62E-02,5.60E-02,3.90E-02,3.19E-02,2.43E-02,2.54E-02,2.40E-02,3.17E-02,1.15E-02,4.55E-02,3.12E-02,4.20E-02,2.04E-02,1.57E-02,8.67E-03,3.98E-02,2.78E-02,2.93E-02,3.66E-02,3.70E-02,3.70E-02,3.70E-02,3.65E-02,3.75E-02,3.70E-02,3.68E-02,3.74E-02,3.67E-02,3.75E-02,3.60E-02,3.70E-02,3.42E-02,3.62E-02,3.62E-02,3.77E-02,3.64E-02,3.64E-02,3.58E-02,3.08E-02,3.68E-02,3.53E-02,3.08E-02,3.68E-02,4.20E-02,3.34E-02,3.66E-02,3.04E-02,3.61E-02,7.87E-03,7.59E-02,4.80E-02,5.71E-02,4.46E-02,4.03E-02,3.75E-02,2.71E-02,2.95E-03,2.89E-02,5.45E-02,7.39E-02,2.94E-02,5.19E-02,6.27E-02
14863,Ag,Nb,O3,AgNbO3,4.063,3.5,3,0.2,4.58E-02,3.24E-02,5.13E-02,3.56E-02,1.85E-02,4.18E-02,4.12E-02,3.88E-02,2.38E-02,1.05E-02,1.24E-01,2.45E-02,4.35E-02,2.24E-02,1.30E-02,3.30E-02,4.93E-02,3.68E-02,3.20E-02,2.93E-02,3.79E-02,2.89E-02,3.58E-02,1.55E-02,1.46E-02,2.08E-02,4.17E-02,3.52E-02,4.63E-02,4.88E-02,3.66E-02,3.70E-02,3.70E-02,3.70E-02,3.65E-02,3.75E-02,3.70E-02,3.68E-02,3.74E-02,3.67E-02,3.75E-02,3.60E-02,3.70E-02,3.42E-02,3.62E-02,3.62E-02,3.77E-02,3.64E-02,3.64E-02,3.58E-02,3.08E-02,3.68E-02,3.53E-02,3.08E-02,3.68E-02,4.20E-02,3.34E-02,3.66E-02,3.04E-02,3.61E-02,3.80E-02,9.53E-03,3.31E-02,2.85E-02,3.01E-02,2.83E-02,3.70E-02,3.56E-02,3.29E-02,3.74E-02,5.42E-02,9.48E-03,3.92E-02,1.73E-02,2.09E-02
1736,Ti,Li,O2N,TiLiO2N,3.596,1.4,1.1,1.22,2.43E-02,4.74E-02,2.22E-02,1.58E-02,1.92E-02,6.66E-03,2.72E-02,3.50E-02,1.08E-02,2.33E-02,6.32E-03,4.03E-02,3.47E-02,4.48E-02,5.20E-02,3.92E-02,1.59E-02,2.28E-03,2.39E-03,3.50E-02,2.36E-02,6.15E-04,2.80E-02,9.80E-02,1.97E-01,3.28E-02,4.65E-03,2.16E-02,9.26E-03,9.76E-03,3.66E-02,3.70E-02,3.70E-02,3.70E-02,3.65E-02,3.75E-02,3.70E-02,3.68E-02,3.74E-02,3.67E-02,3.75E-02,3.60E-02,3.70E-02,3.42E-02,3.62E-02,3.62E-02,3.77E-02,3.64E-02,3.64E-02,3.58E-02,3.08E-02,3.68E-02,3.53E-02,3.08E-02,3.68E-02,4.20E-02,3.34E-02,3.66E-02,3.04E-02,3.61E-02,4.64E-02,8.18E-03,2.90E-02,2.50E-02,3.93E-02,-1.41E-03,3.49E-02,3.80E-02,1.01E-02,4.24E-02,5.26E-03,1.54E-02,3.46E-02,4.33E-02,3.14E-02
14881,Sn,Sn,O3,SnSnO3,4.159,3.2,1.8,0.32,2.83E-02,3.83E-02,3.57E-02,3.92E-02,2.94E-02,4.03E-02,5.07E-02,3.77E-02,2.77E-02,1.01E-02,1.92E-02,1.56E-02,4.42E-02,4.48E-02,5.20E-02,3.66E-02,2.83E-02,3.14E-02,4.09E-02,4.37E-02,4.78E-02,4.92E-02,3.82E-02,4.69E-02,1.25E-02,2.58E-02,1.12E-02,4.31E-02,3.70E-02,3.90E-02,3.66E-02,3.70E-02,3.70E-02,3.70E-02,3.65E-02,3.75E-02,3.70E-02,3.68E-02,3.74E-02,3.67E-02,3.75E-02,3.60E-02,3.70E-02,3.42E-02,3.62E-02,3.62E-02,3.77E-02,3.64E-02,3.64E-02,3.58E-02,3.08E-02,3.68E-02,3.53E-02,3.08E-02,3.68E-02,4.20E-02,3.34E-02,3.66E-02,3.04E-02,3.61E-02,3.80E-02,9.53E-03,3.31E-02,2.85E-02,3.01E-02,2.83E-02,3.70E-02,3.56E-02,3.29E-02,3.74E-02,5.42E-02,9.48E-03,3.92E-02,1.73E-02,2.09E-02
14322,Sn,Hf,O3,SnHfO3,4.166,4,4,0.2,2.83E-02,3.83E-02,3.57E-02,3.92E-02,2.94E-02,4.03E-02,5.07E-02,3.77E-02,2.77E-02,1.01E-02,1.92E-02,1.56E-02,4.42E-02,4.48E-02,5.20E-02,4.28E-02,4.79E-02,5.72E-02,6.15E-02,3.63E-02,0.00E+00,2.77E-02,3.46E-02,1.26E-02,7.69E-03,8.92E-03,3.37E-02,2.86E-02,3.70E-02,3.90E-02,3.66E-02,3.70E-02,3.70E-02,3.70E-02,3.65E-02,3.75E-02,3.70E-02,3.68E-02,3.74E-02,3.67E-02,3.75E-02,3.60E-02,3.70E-02,3.42E-02,3.62E-02,3.62E-02,3.77E-02,3.64E-02,3.64E-02,3.58E-02,3.08E-02,3.68E-02,3.53E-02,3.08E-02,3.68E-02,4.20E-02,3.34E-02,3.66E-02,3.04E-02,3.61E-02,3.80E-02,9.53E-03,3.31E-02,2.85E-02,3.01E-02,2.83E-02,3.70E-02,3.56E-02,3.29E-02,3.74E-02,5.42E-02,9.48E-03,3.92E-02,1.73E-02,2.09E-02
13921,Ca,Si,O3,CaSiO3,3.629,7.3,6.6,0.1,3.98E-02,2.34E-02,7.57E-03,1.32E-02,4.81E-02,-5.19E-02,4.43E-03,3.13E-02,2.81E-02,2.88E-02,5.77E-02,1.85E-02,2.25E-02,2.24E-02,2.60E-02,1.34E-02,2.58E-02,1.00E-02,9.68E-03,3.24E-02,5.28E-02,4.79E-02,4.24E-02,5.54E-03,3.85E-02,5.74E-02,7.78E-02,4.18E-02,3.70E-02,3.90E-02,3.66E-02,3.70E-02,3.70E-02,3.70E-02,3.65E-02,3.75E-02,3.70E-02,3.68E-02,3.74E-02,3.67E-02,3.75E-02,3.60E-02,3.70E-02,3.42E-02,3.62E-02,3.62E-02,3.77E-02,3.64E-02,3.64E-02,3.58E-02,3.08E-02,3.68E-02,3.53E-02,3.08E-02,3.68E-02,4.20E-02,3.34E-02,3.66E-02,3.04E-02,3.61E-02,3.80E-02,9.53E-03,3.31E-02,2.85E-02,3.01E-02,2.83E-02,3.70E-02,3.56E-02,3.29E-02,3.74E-02,5.42E-02,9.48E-03,3.92E-02,1.73E-02,2.09E-02
1201,Hf,Al,O2N,HfAlO2N,3.67,1.9,1.3,0.8,3.31E-02,6.49E-02,6.50E-02,5.89E-02,2.44E-02,0.00E+00,2.85E-02,3.41E-02,7.43E-03,6.23E-03,6.64E-03,4.72E-02,2.93E-02,4.48E-02,5.20E-02,2.78E-02,2.69E-02,1.16E-02,9.30E-03,2.69E-02,1.78E-02,4.49E-02,3.11E-02,4.92E-02,4.94E-02,9.19E-02,1.66E-02,3.54E-02,2.78E-02,2.93E-02,3.66E-02,3.70E-02,3.70E-02,3.70E-02,3.65E-02,3.75E-02,3.70E-02,3.68E-02,3.74E-02,3.67E-02,3.75E-02,3.60E-02,3.70E-02,3.42E-02,3.62E-02,3.62E-02,3.77E-02,3.64E-02,3.64E-02,3.58E-02,3.08E-02,3.68E-02,3.53E-02,3.08E-02,3.68E-02,4.20E-02,3.34E-02,3.66E-02,3.04E-02,3.61E-02,4.64E-02,8.18E-03,2.90E-02,2.50E-02,3.93E-02,-1.41E-03,3.49E-02,3.80E-02,1.01E-02,4.24E-02,5.26E-03,1.54E-02,3.46E-02,4.33E-02,3.14E-02
12858,Hg,B,O2F,HgBO2F,3.698,1.2,0.3,1.3,4.06E-02,8.39E-03,6.62E-02,6.62E-02,2.59E-02,0.00E+00,4.50E-02,5.35E-02,6.17E-02,6.23E-03,2.41E-03,4.97E-03,4.51E-02,2.24E-02,2.60E-02,1.19E-02,4.20E-02,1.01E-02,3.73E-03,1.25E-02,1.07E-02,4.43E-02,2.75E-02,1.00E-02,5.64E-02,1.05E-02,3.50E-02,4.49E-02,2.78E-02,2.93E-02,3.66E-02,3.70E-02,3.70E-02,3.70E-02,3.65E-02,3.75E-02,3.70E-02,3.68E-02,3.74E-02,3.67E-02,3.75E-02,3.60E-02,3.70E-02,3.42E-02,3.62E-02,3.62E-02,3.77E-02,3.64E-02,3.64E-02,3.58E-02,3.08E-02,3.68E-02,3.53E-02,3.08E-02,3.68E-02,4.20E-02,3.34E-02,3.66E-02,3.04E-02,3.61E-02,3.61E-02,8.99E-03,3.93E-02,3.39E-02,2.85E-02,6.59E-02,3.96E-02,4.55E-02,7.59E-02,3.35E-02,5.65E-03,1.11E-02,4.53E-02,8.65E-03,1.05E-02
3120,Sr,Hf,OFN,SrHfOFN,4.259,3.5,3.5,0.56,5.02E-02,2.20E-02,1.24E-02,2.89E-02,6.10E-02,-5.59E-02,5.07E-03,2.92E-02,2.83E-02,1.34E-02,1.02E-03,1.78E-02,2.14E-02,2.24E-02,2.60E-02,4.28E-02,4.79E-02,5.72E-02,6.15E-02,3.63E-02,0.00E+00,2.77E-02,3.46E-02,1.26E-02,7.69E-03,8.92E-03,3.37E-02,2.86E-02,3.70E-02,3.90E-02,3.66E-02,3.70E-02,3.70E-02,3.70E-02,3.65E-02,3.75E-02,3.70E-02,3.68E-02,3.74E-02,3.67E-02,3.75E-02,3.60E-02,3.70E-02,3.42E-02,3.62E-02,3.43E-02,3.55E-02,4.32E-02,4.33E-02,3.39E-02,7.17E-02,3.93E-02,4.51E-02,7.11E-02,3.29E-02,4.38E-03,3.91E-02,4.23E-02,1.52E-02,1.81E-02,4.64E-02,8.18E-03,2.90E-02,2.50E-02,3.93E-02,-1.41E-03,3.49E-02,3.80E-02,1.01E-02,4.24E-02,5.26E-03,1.54E-02,3.46E-02,4.33E-02,3.14E-02
1140,Al,Mg,O2N,AlMgO2N,3.824,1.6,1.6,1.14,2.15E-02,3.65E-02,1.32E-02,8.90E-03,1.81E-02,1.50E-02,4.62E-02,3.07E-02,2.91E-02,4.01E-02,6.84E-02,2.32E-02,3.63E-02,3.36E-02,3.90E-02,3.71E-02,1.36E-02,7.48E-03,8.38E-03,3.79E-02,-9.09E-02,4.18E-02,3.98E-02,5.28E-02,5.60E-02,6.05E-02,1.39E-02,2.88E-02,1.85E-02,1.95E-02,3.66E-02,3.70E-02,3.70E-02,3.70E-02,3.65E-02,3.75E-02,3.70E-02,3.68E-02,3.74E-02,3.67E-02,3.75E-02,3.60E-02,3.70E-02,3.42E-02,3.62E-02,3.62E-02,3.77E-02,3.64E-02,3.64E-02,3.58E-02,3.08E-02,3.68E-02,3.53E-02,3.08E-02,3.68E-02,4.20E-02,3.34E-02,3.66E-02,3.04E-02,3.61E-02,4.64E-02,8.18E-03,2.90E-02,2.50E-02,3.93E-02,-1.41E-03,3.49E-02,3.80E-02,1.01E-02,4.24E-02,5.26E-03,1.54E-02,3.46E-02,4.33E-02,3.14E-02
13063,K,Zr,O2F,KZrO2F,4.261,5.8,5.3,0.26,6.01E-02,1.38E-02,4.20E-03,1.29E-02,8.24E-02,1.61E-02,1.90E-03,2.23E-02,1.03E-01,3.37E-02,2.96E-02,5.05E-03,1.85E-02,1.12E-02,1.30E-02,4.33E-02,4.60E-02,2.80E-02,3.14E-02,3.75E-02,1.98E-02,2.70E-02,3.30E-02,1.21E-02,1.53E-02,8.80E-03,3.26E-02,2.93E-02,3.70E-02,3.90E-02,3.66E-02,3.70E-02,3.70E-02,3.70E-02,3.65E-02,3.75E-02,3.70E-02,3.68E-02,3.74E-02,3.67E-02,3.75E-02,3.60E-02,3.70E-02,3.42E-02,3.62E-02,3.62E-02,3.77E-02,3.64E-02,3.64E-02,3.58E-02,3.08E-02,3.68E-02,3.53E-02,3.08E-02,3.68E-02,4.20E-02,3.34E-02,3.66E-02,3.04E-02,3.61E-02,3.61E-02,8.99E-03,3.93E-02,3.39E-02,2.85E-02,6.59E-02,3.96E-02,4.55E-02,7.59E-02,3.35E-02,5.65E-03,1.11E-02,4.53E-02,8.65E-03,1.05E-02
11735,Sr,Bi,O2F,SrBiO2F,4.585,0.7,0.7,0.7,5.02E-02,2.20E-02,1.24E-02,2.89E-02,6.10E-02,-5.59E-02,5.07E-03,2.92E-02,2.83E-02,1.34E-02,1.02E-03,1.78E-02,2.14E-02,2.24E-02,2.60E-02,5.31E-02,1.80E-02,4.19E-02,7.20E-02,5.71E-02,4.35E-02,5.29E-02,3.79E-02,2.85E-02,6.70E-03,3.05E-03,1.71E-02,4.45E-02,4.63E-02,2.93E-02,3.66E-02,3.70E-02,3.70E-02,3.70E-02,3.65E-02,3.75E-02,3.70E-02,3.68E-02,3.74E-02,3.67E-02,3.75E-02,3.60E-02,3.70E-02,3.42E-02,3.62E-02,3.62E-02,3.77E-02,3.64E-02,3.64E-02,3.58E-02,3.08E-02,3.68E-02,3.53E-02,3.08E-02,3.68E-02,4.20E-02,3.34E-02,3.66E-02,3.04E-02,3.61E-02,3.61E-02,8.99E-03,3.93E-02,3.39E-02,2.85E-02,6.59E-02,3.96E-02,4.55E-02,7.59E-02,3.35E-02,5.65E-03,1.11E-02,4.53E-02,8.65E-03,1.05E-02
8691,Zn,Ti,O2S,ZnTiO2S,4.34,3.3,2.7,0.66,2.95E-02,1.57E-02,3.48E-02,2.16E-02,1.65E-02,0.00E+00,4.37E-02,4.82E-02,3.80E-02,1.73E-02,3.35E-02,1.60E-02,3.72E-02,2.24E-02,2.60E-02,3.14E-02,3.50E-02,1.95E-02,1.65E-02,2.85E-02,7.90E-03,2.64E-02,3.55E-02,1.83E-02,2.87E-02,8.49E-03,2.88E-02,3.39E-02,3.70E-02,3.90E-02,3.66E-02,3.70E-02,3.70E-02,3.70E-02,3.65E-02,3.75E-02,3.70E-02,3.68E-02,3.74E-02,3.67E-02,3.75E-02,3.60E-02,3.70E-02,3.42E-02,3.62E-02,3.62E-02,3.77E-02,3.64E-02,3.64E-02,3.58E-02,3.08E-02,3.68E-02,3.53E-02,3.08E-02,3.68E-02,4.20E-02,3.34E-02,3.66E-02,3.04E-02,3.61E-02,7.87E-03,7.59E-02,4.80E-02,5.71E-02,4.46E-02,4.03E-02,3.75E-02,2.71E-02,2.95E-03,2.89E-02,5.45E-02,7.39E-02,2.94E-02,5.19E-02,6.27E-02
12376,In,Te,O2F,InTeO2F,4.44,0.8,0.8,0.66,3.19E-02,3.13E-02,3.57E-02,3.79E-02,2.84E-02,9.65E-03,4.75E-02,2.97E-02,4.04E-02,1.04E-02,2.35E-02,7.07E-03,4.01E-02,3.36E-02,3.90E-02,5.00E-02,1.24E-02,2.68E-02,4.40E-02,5.49E-02,7.51E-02,5.53E-02,4.68E-02,4.00E-02,1.11E-02,9.11E-04,2.71E-02,4.62E-02,5.55E-02,3.90E-02,3.66E-02,3.70E-02,3.70E-02,3.70E-02,3.65E-02,3.75E-02,3.70E-02,3.68E-02,3.74E-02,3.67E-02,3.75E-02,3.60E-02,3.70E-02,3.42E-02,3.62E-02,3.62E-02,3.77E-02,3.64E-02,3.64E-02,3.58E-02,3.08E-02,3.68E-02,3.53E-02,3.08E-02,3.68E-02,4.20E-02,3.34E-02,3.66E-02,3.04E-02,3.61E-02,3.61E-02,8.99E-03,3.93E-02,3.39E-02,2.85E-02,6.59E-02,3.96E-02,4.55E-02,7.59E-02,3.35E-02,5.65E-03,1.11E-02,4.53E-02,8.65E-03,1.05E-02
10737,Pt,Ca,O2S,PtCaO2S,4.418,0.6,0.3,1.12,2.51E-02,5.46E-02,1.05E-01,6.44E-02,1.65E-02,6.83E-02,3.99E-02,4.61E-02,1.11E-02,5.79E-03,2.07E-02,4.26E-02,5.14E-02,4.48E-02,5.20E-02,5.15E-02,1.73E-02,6.66E-03,1.38E-02,7.14E-02,-6.16E-02,4.30E-03,3.18E-02,4.75E-02,3.55E-02,7.75E-02,1.32E-02,2.20E-02,1.85E-02,1.95E-02,3.66E-02,3.70E-02,3.70E-02,3.70E-02,3.65E-02,3.75E-02,3.70E-02,3.68E-02,3.74E-02,3.67E-02,3.75E-02,3.60E-02,3.70E-02,3.42E-02,3.62E-02,3.62E-02,3.77E-02,3.64E-02,3.64E-02,3.58E-02,3.08E-02,3.68E-02,3.53E-02,3.08E-02,3.68E-02,4.20E-02,3.34E-02,3.66E-02,3.04E-02,3.61E-02,7.87E-03,7.59E-02,4.80E-02,5.71E-02,4.46E-02,4.03E-02,3.75E-02,2.71E-02,2.95E-03,2.89E-02,5.45E-02,7.39E-02,2.94E-02,5.19E-02,6.27E-02
4606,Be,Si,OFN,BeSiOFN,3.582,1.2,0.4,1.54,1.79E-02,4.32E-02,9.04E-03,2.97E-03,8.83E-03,-7.99E-02,4.24E-02,4.78E-02,1.42E-02,8.12E-02,5.77E-02,2.54E-02,3.54E-02,2.24E-02,2.60E-02,1.34E-02,2.58E-02,1.00E-02,9.68E-03,3.24E-02,5.28E-02,4.79E-02,4.24E-02,5.54E-03,3.85E-02,5.74E-02,7.78E-02,4.18E-02,3.70E-02,3.90E-02,3.66E-02,3.70E-02,3.70E-02,3.70E-02,3.65E-02,3.75E-02,3.70E-02,3.68E-02,3.74E-02,3.67E-02,3.75E-02,3.60E-02,3.70E-02,3.42E-02,3.62E-02,3.43E-02,3.55E-02,4.32E-02,4.33E-02,3.39E-02,7.17E-02,3.93E-02,4.51E-02,7.11E-02,3.29E-02,4.38E-03,3.91E-02,4.23E-02,1.52E-02,1.81E-02,4.64E-02,8.18E-03,2.90E-02,2.50E-02,3.93E-02,-1.41E-03,3.49E-02,3.80E-02,1.01E-02,4.24E-02,5.26E-03,1.54E-02,3.46E-02,4.33E-02,3.14E-02
15880,Zr,Zn,O3,ZrZnO3,3.912,1.9,1.3,0.86,3.35E-02,6.23E-02,3.18E-02,3.01E-02,2.53E-02,1.66E-02,2.79E-02,3.25E-02,7.17E-03,1.24E-02,6.55E-03,4.55E-02,3.00E-02,4.48E-02,5.20E-02,3.81E-02,1.16E-02,3.07E-02,2.25E-02,2.44E-02,0.00E+00,4.24E-02,4.88E-02,6.43E-02,2.13E-02,4.50E-02,1.14E-02,3.63E-02,1.85E-02,1.95E-02,3.66E-02,3.70E-02,3.70E-02,3.70E-02,3.65E-02,3.75E-02,3.70E-02,3.68E-02,3.74E-02,3.67E-02,3.75E-02,3.60E-02,3.70E-02,3.42E-02,3.62E-02,3.62E-02,3.77E-02,3.64E-02,3.64E-02,3.58E-02,3.08E-02,3.68E-02,3.53E-02,3.08E-02,3.68E-02,4.20E-02,3.34E-02,3.66E-02,3.04E-02,3.61E-02,3.80E-02,9.53E-03,3.31E-02,2.85E-02,3.01E-02,2.83E-02,3.70E-02,3.56E-02,3.29E-02,3.74E-02,5.42E-02,9.48E-03,3.92E-02,1.73E-02,2.09E-02
5227,Sc,B,OFN,ScBOFN,3.553,3,1.9,1.18,2.99E-02,4.14E-02,1.46E-02,1.48E-02,2.71E-02,6.02E-03,6.97E-03,3.35E-02,1.26E-02,2.53E-02,4.56E-03,3.49E-02,3.07E-02,3.36E-02,3.90E-02,1.19E-02,4.20E-02,1.01E-02,3.73E-03,1.25E-02,1.07E-02,4.43E-02,2.75E-02,1.00E-02,5.64E-02,1.05E-02,3.50E-02,4.49E-02,2.78E-02,2.93E-02,3.66E-02,3.70E-02,3.70E-02,3.70E-02,3.65E-02,3.75E-02,3.70E-02,3.68E-02,3.74E-02,3.67E-02,3.75E-02,3.60E-02,3.70E-02,3.42E-02,3.62E-02,3.43E-02,3.55E-02,4.32E-02,4.33E-02,3.39E-02,7.17E-02,3.93E-02,4.51E-02,7.11E-02,3.29E-02,4.38E-03,3.91E-02,4.23E-02,1.52E-02,1.81E-02,4.64E-02,8.18E-03,2.90E-02,2.50E-02,3.93E-02,-1.41E-03,3.49E-02,3.80E-02,1.01E-02,4.24E-02,5.26E-03,1.54E-02,3.46E-02,4.33E-02,3.14E-02
11605,Cs,V,O2F,CsVO2F,4.241,1.1,0.9,0.58,6.93E-02,1.26E-02,9.13E-03,4.39E-02,7.36E-02,1.51E-02,3.17E-03,2.00E-02,1.26E-01,1.07E-02,1.04E-02,4.54E-03,1.78E-02,1.12E-02,1.30E-02,2.78E-02,3.59E-02,2.63E-02,1.76E-02,2.23E-02,1.98E-02,2.83E-02,3.50E-02,1.79E-02,2.69E-02,1.19E-02,3.53E-02,3.59E-02,4.63E-02,4.88E-02,3.66E-02,3.70E-02,3.70E-02,3.70E-02,3.65E-02,3.75E-02,3.70E-02,3.68E-02,3.74E-02,3.67E-02,3.75E-02,3.60E-02,3.70E-02,3.42E-02,3.62E-02,3.62E-02,3.77E-02,3.64E-02,3.64E-02,3.58E-02,3.08E-02,3.68E-02,3.53E-02,3.08E-02,3.68E-02,4.20E-02,3.34E-02,3.66E-02,3.04E-02,3.61E-02,3.61E-02,8.99E-03,3.93E-02,3.39E-02,2.85E-02,6.59E-02,3.96E-02,4.55E-02,7.59E-02,3.35E-02,5.65E-03,1.11E-02,4.53E-02,8.65E-03,1.05E-02
8764,Mg,Si,O2S,MgSiO2S,4.006,3.7,2.7,0.9,2.87E-02,1.84E-02,8.50E-03,8.02E-03,2.55E-02,-7.65E-02,4.31E-02,3.92E-02,3.12E-02,4.54E-02,4.50E-02,1.94E-02,2.95E-02,2.24E-02,2.60E-02,1.34E-02,2.58E-02,1.00E-02,9.68E-03,3.24E-02,5.28E-02,4.79E-02,4.24E-02,5.54E-03,3.85E-02,5.74E-02,7.78E-02,4.18E-02,3.70E-02,3.90E-02,3.66E-02,3.70E-02,3.70E-02,3.70E-02,3.65E-02,3.75E-02,3.70E-02,3.68E-02,3.74E-02,3.67E-02,3.75E-02,3.60E-02,3.70E-02,3.42E-02,3.62E-02,3.62E-02,3.77E-02,3.64E-02,3.64E-02,3.58E-02,3.08E-02,3.68E-02,3.53E-02,3.08E-02,3.68E-02,4.20E-02,3.34E-02,3.66E-02,3.04E-02,3.61E-02,7.87E-03,7.59E-02,4.80E-02,5.71E-02,4.46E-02,4.03E-02,3.75E-02,2.71E-02,2.95E-03,2.89E-02,5.45E-02,7.39E-02,2.94E-02,5.19E-02,6.27E-02
1524,Pd,Nb,O2N,PdNbO2N,4.134,0.9,0.6,0.5,2.55E-02,4.31E-02,5.86E-02,3.51E-02,1.60E-02,2.00E-02,3.93E-02,4.28E-02,1.49E-02,1.09E-02,2.07E-02,3.63E-02,4.96E-02,4.48E-02,2.60E-02,3.30E-02,4.93E-02,3.68E-02,3.20E-02,2.93E-02,3.79E-02,2.89E-02,3.58E-02,1.55E-02,1.46E-02,2.08E-02,4.17E-02,3.52E-02,4.63E-02,4.88E-02,3.66E-02,3.70E-02,3.70E-02,3.70E-02,3.65E-02,3.75E-02,3.70E-02,3.68E-02,3.74E-02,3.67E-02,3.75E-02,3.60E-02,3.70E-02,3.42E-02,3.62E-02,3.62E-02,3.77E-02,3.64E-02,3.64E-02,3.58E-02,3.08E-02,3.68E-02,3.53E-02,3.08E-02,3.68E-02,4.20E-02,3.34E-02,3.66E-02,3.04E-02,3.61E-02,4.64E-02,8.18E-03,2.90E-02,2.50E-02,3.93E-02,-1.41E-03,3.49E-02,3.80E-02,1.01E-02,4.24E-02,5.26E-03,1.54E-02,3.46E-02,4.33E-02,3.14E-02
11214,Sn,Ga,O2F,SnGaO2F,3.973,3.3,2.8,0.26,2.83E-02,3.83E-02,3.57E-02,3.92E-02,2.94E-02,4.03E-02,5.07E-02,3.77E-02,2.77E-02,1.01E-02,1.92E-02,1.56E-02,4.42E-02,4.48E-02,5.20E-02,3.19E-02,2.43E-02,2.54E-02,2.40E-02,3.17E-02,1.15E-02,4.55E-02,3.12E-02,4.20E-02,2.04E-02,1.57E-02,8.67E-03,3.98E-02,2.78E-02,2.93E-02,3.66E-02,3.70E-02,3.70E-02,3.70E-02,3.65E-02,3.75E-02,3.70E-02,3.68E-02,3.74E-02,3.67E-02,3.75E-02,3.60E-02,3.70E-02,3.42E-02,3.62E-02,3.62E-02,3.77E-02,3.64E-02,3.64E-02,3.58E-02,3.08E-02,3.68E-02,3.53E-02,3.08E-02,3.68E-02,4.20E-02,3.34E-02,3.66E-02,3.04E-02,3.61E-02,3.61E-02,8.99E-03,3.93E-02,3.39E-02,2.85E-02,6.59E-02,3.96E-02,4.55E-02,7.59E-02,3.35E-02,5.65E-03,1.11E-02,4.53E-02,8.65E-03,1.05E-02
5899,Bi,Nb,ON2,BiNbON2,4.165,1.8,1.5,0.4,4.10E-02,2.45E-02,4.76E-02,6.90E-02,3.85E-02,3.66E-02,5.45E-02,3.74E-02,1.69E-02,5.43E-03,2.27E-03,2.39E-02,4.55E-02,5.60E-02,3.90E-02,3.30E-02,4.93E-02,3.68E-02,3.20E-02,2.93E-02,3.79E-02,2.89E-02,3.58E-02,1.55E-02,1.46E-02,2.08E-02,4.17E-02,3.52E-02,4.63E-02,4.88E-02,3.66E-02,3.70E-02,3.70E-02,3.70E-02,3.65E-02,3.75E-02,3.70E-02,3.68E-02,3.74E-02,3.67E-02,3.75E-02,3.60E-02,3.70E-02,3.42E-02,3.62E-02,4.42E-02,3.23E-02,3.19E-02,3.19E-02,4.67E-02,-1.53E-03,3.47E-02,3.77E-02,9.48E-03,4.16E-02,4.08E-03,5.41E-02,3.23E-02,7.60E-02,5.42E-02,4.64E-02,8.18E-03,2.90E-02,2.50E-02,3.93E-02,-1.41E-03,3.49E-02,3.80E-02,1.01E-02,4.24E-02,5.26E-03,1.54E-02,3.46E-02,4.33E-02,3.14E-02
412,Ga,Ca,O2N,GaCaO2N,4.176,0.8,0.5,1.34,2.47E-02,3.30E-02,2.89E-02,2.30E-02,2.14E-02,9.65E-03,4.69E-02,3.08E-02,2.48E-02,1.65E-02,1.17E-02,1.21E-02,4.08E-02,3.36E-02,3.90E-02,5.15E-02,1.73E-02,6.66E-03,1.38E-02,7.14E-02,-6.16E-02,4.30E-03,3.18E-02,4.75E-02,3.55E-02,7.75E-02,1.32E-02,2.20E-02,1.85E-02,1.95E-02,3.66E-02,3.70E-02,3.70E-02,3.70E-02,3.65E-02,3.75E-02,3.70E-02,3.68E-02,3.74E-02,3.67E-02,3.75E-02,3.60E-02,3.70E-02,3.42E-02,3.62E-02,3.62E-02,3.77E-02,3.64E-02,3.64E-02,3.58E-02,3.08E-02,3.68E-02,3.53E-02,3.08E-02,3.68E-02,4.20E-02,3.34E-02,3.66E-02,3.04E-02,3.61E-02,4.64E-02,8.18E-03,2.90E-02,2.50E-02,3.93E-02,-1.41E-03,3.49E-02,3.80E-02,1.01E-02,4.24E-02,5.26E-03,1.54E-02,3.46E-02,4.33E-02,3.14E-02
12870,Sn,La,O2F,SnLaO2F,4.705,1.2,1.2,0.68,2.83E-02,3.83E-02,3.57E-02,3.92E-02,2.94E-02,4.03E-02,5.07E-02,3.77E-02,2.77E-02,1.01E-02,1.92E-02,1.56E-02,4.42E-02,4.48E-02,5.20E-02,5.98E-02,3.67E-02,2.64E-02,4.79E-02,6.05E-02,1.98E-02,7.99E-03,2.90E-02,1.11E-02,1.04E-02,5.23E-03,1.75E-02,2.42E-02,2.78E-02,2.93E-02,3.66E-02,3.70E-02,3.70E-02,3.70E-02,3.65E-02,3.75E-02,3.70E-02,3.68E-02,3.74E-02,3.67E-02,3.75E-02,3.60E-02,3.70E-02,3.42E-02,3.62E-02,3.62E-02,3.77E-02,3.64E-02,3.64E-02,3.58E-02,3.08E-02,3.68E-02,3.53E-02,3.08E-02,3.68E-02,4.20E-02,3.34E-02,3.66E-02,3.04E-02,3.61E-02,3.61E-02,8.99E-03,3.93E-02,3.39E-02,2.85E-02,6.59E-02,3.96E-02,4.55E-02,7.59E-02,3.35E-02,5.65E-03,1.11E-02,4.53E-02,8.65E-03,1.05E-02
14355,Be,Sn,O3,BeSnO3,4.032,3.4,2.6,1.64,1.79E-02,4.32E-02,9.04E-03,2.97E-03,8.83E-03,-7.99E-02,4.24E-02,4.78E-02,1.42E-02,8.12E-02,5.77E-02,2.54E-02,3.54E-02,2.24E-02,2.60E-02,3.66E-02,2.83E-02,3.14E-02,4.09E-02,4.37E-02,4.78E-02,4.92E-02,3.82E-02,4.69E-02,1.25E-02,2.58E-02,1.12E-02,4.31E-02,3.70E-02,3.90E-02,3.66E-02,3.70E-02,3.70E-02,3.70E-02,3.65E-02,3.75E-02,3.70E-02,3.68E-02,3.74E-02,3.67E-02,3.75E-02,3.60E-02,3.70E-02,3.42E-02,3.62E-02,3.62E-02,3.77E-02,3.64E-02,3.64E-02,3.58E-02,3.08E-02,3.68E-02,3.53E-02,3.08E-02,3.68E-02,4.20E-02,3.34E-02,3.66E-02,3.04E-02,3.61E-02,3.80E-02,9.53E-03,3.31E-02,2.85E-02,3.01E-02,2.83E-02,3.70E-02,3.56E-02,3.29E-02,3.74E-02,5.42E-02,9.48E-03,3.92E-02,1.73E-02,2.09E-02
15593,Os,Be,O3,OsBeO3,3.56,0.7,0.6,1.5,2.51E-02,7.06E-02,1.10E-01,6.28E-02,1.50E-02,3.66E-02,3.61E-02,4.46E-02,6.42E-03,5.79E-03,2.53E-02,6.35E-02,4.96E-02,8.96E-02,5.20E-02,2.32E-02,3.19E-02,7.95E-03,3.11E-03,1.31E-02,-9.48E-02,4.12E-02,4.85E-02,2.41E-02,1.00E-01,7.75E-02,1.82E-02,3.46E-02,1.85E-02,1.95E-02,3.66E-02,3.70E-02,3.70E-02,3.70E-02,3.65E-02,3.75E-02,3.70E-02,3.68E-02,3.74E-02,3.67E-02,3.75E-02,3.60E-02,3.70E-02,3.42E-02,3.62E-02,3.62E-02,3.77E-02,3.64E-02,3.64E-02,3.58E-02,3.08E-02,3.68E-02,3.53E-02,3.08E-02,3.68E-02,4.20E-02,3.34E-02,3.66E-02,3.04E-02,3.61E-02,3.80E-02,9.53E-03,3.31E-02,2.85E-02,3.01E-02,2.83E-02,3.70E-02,3.56E-02,3.29E-02,3.74E-02,5.42E-02,9.48E-03,3.92E-02,1.73E-02,2.09E-02
7686,Zr,Hf,ON2,ZrHfON2,4.149,2.3,1.7,0.46,3.35E-02,6.23E-02,3.18E-02,3.01E-02,2.53E-02,1.66E-02,2.79E-02,3.25E-02,7.17E-03,1.24E-02,6.55E-03,4.55E-02,3.00E-02,4.48E-02,5.20E-02,4.28E-02,4.79E-02,5.72E-02,6.15E-02,3.63E-02,0.00E+00,2.77E-02,3.46E-02,1.26E-02,7.69E-03,8.92E-03,3.37E-02,2.86E-02,3.70E-02,3.90E-02,3.66E-02,3.70E-02,3.70E-02,3.70E-02,3.65E-02,3.75E-02,3.70E-02,3.68E-02,3.74E-02,3.67E-02,3.75E-02,3.60E-02,3.70E-02,3.42E-02,3.62E-02,4.42E-02,3.23E-02,3.19E-02,3.19E-02,4.67E-02,-1.53E-03,3.47E-02,3.77E-02,9.48E-03,4.16E-02,4.08E-03,5.41E-02,3.23E-02,7.60E-02,5.42E-02,4.64E-02,8.18E-03,2.90E-02,2.50E-02,3.93E-02,-1.41E-03,3.49E-02,3.80E-02,1.01E-02,4.24E-02,5.26E-03,1.54E-02,3.46E-02,4.33E-02,3.14E-02
11182,Ge,In,O2F,GeInO2F,4.249,2.8,2.2,0.68,2.11E-02,4.14E-02,2.60E-02,2.40E-02,2.42E-02,3.99E-02,5.00E-02,4.05E-02,7.17E-03,1.42E-02,1.73E-02,6.90E-02,4.53E-02,4.48E-02,5.20E-02,4.12E-02,2.31E-02,3.14E-02,3.96E-02,4.22E-02,1.15E-02,4.61E-02,3.01E-02,6.84E-02,1.28E-02,3.16E-02,5.05E-03,3.92E-02,2.78E-02,2.93E-02,3.66E-02,3.70E-02,3.70E-02,3.70E-02,3.65E-02,3.75E-02,3.70E-02,3.68E-02,3.74E-02,3.67E-02,3.75E-02,3.60E-02,3.70E-02,3.42E-02,3.62E-02,3.62E-02,3.77E-02,3.64E-02,3.64E-02,3.58E-02,3.08E-02,3.68E-02,3.53E-02,3.08E-02,3.68E-02,4.20E-02,3.34E-02,3.66E-02,3.04E-02,3.61E-02,3.61E-02,8.99E-03,3.93E-02,3.39E-02,2.85E-02,6.59E-02,3.96E-02,4.55E-02,7.59E-02,3.35E-02,5.65E-03,1.11E-02,4.53E-02,8.65E-03,1.05E-02
1399,Hf,B,O2N,HfBO2N,3.477,3.4,2.6,1.06,3.31E-02,6.49E-02,6.50E-02,5.89E-02,2.44E-02,0.00E+00,2.85E-02,3.41E-02,7.43E-03,6.23E-03,6.64E-03,4.72E-02,2.93E-02,4.48E-02,5.20E-02,1.19E-02,4.20E-02,1.01E-02,3.73E-03,1.25E-02,1.07E-02,4.43E-02,2.75E-02,1.00E-02,5.64E-02,1.05E-02,3.50E-02,4.49E-02,2.78E-02,2.93E-02,3.66E-02,3.70E-02,3.70E-02,3.70E-02,3.65E-02,3.75E-02,3.70E-02,3.68E-02,3.74E-02,3.67E-02,3.75E-02,3.60E-02,3.70E-02,3.42E-02,3.62E-02,3.62E-02,3.77E-02,3.64E-02,3.64E-02,3.58E-02,3.08E-02,3.68E-02,3.53E-02,3.08E-02,3.68E-02,4.20E-02,3.34E-02,3.66E-02,3.04E-02,3.61E-02,4.64E-02,8.18E-03,2.90E-02,2.50E-02,3.93E-02,-1.41E-03,3.49E-02,3.80E-02,1.01E-02,4.24E-02,5.26E-03,1.54E-02,3.46E-02,4.33E-02,3.14E-02
15829,Sc,Sc,O3,ScScO3,4.031,4,3.9,0.56,2.99E-02,4.14E-02,1.46E-02,1.48E-02,2.71E-02,6.02E-03,6.97E-03,3.35E-02,1.26E-02,2.53E-02,4.56E-03,3.49E-02,3.07E-02,3.36E-02,3.90E-02,3.86E-02,3.05E-02,1.29E-02,1.55E-02,4.03E-02,7.15E-03,6.76E-03,3.40E-02,2.13E-02,3.12E-02,6.12E-03,2.50E-02,2.99E-02,2.78E-02,2.93E-02,3.66E-02,3.70E-02,3.70E-02,3.70E-02,3.65E-02,3.75E-02,3.70E-02,3.68E-02,3.74E-02,3.67E-02,3.75E-02,3.60E-02,3.70E-02,3.42E-02,3.62E-02,3.62E-02,3.77E-02,3.64E-02,3.64E-02,3.58E-02,3.08E-02,3.68E-02,3.53E-02,3.08E-02,3.68E-02,4.20E-02,3.34E-02,3.66E-02,3.04E-02,3.61E-02,3.80E-02,9.53E-03,3.31E-02,2.85E-02,3.01E-02,2.83E-02,3.70E-02,3.56E-02,3.29E-02,3.74E-02,5.42E-02,9.48E-03,3.92E-02,1.73E-02,2.09E-02
5180,Bi,Ga,OFN,BiGaOFN,4.038,1.1,0.3,0.64,4.10E-02,2.45E-02,4.76E-02,6.90E-02,3.85E-02,3.66E-02,5.45E-02,3.74E-02,1.69E-02,5.43E-03,2.27E-03,2.39E-02,4.55E-02,5.60E-02,3.90E-02,3.19E-02,2.43E-02,2.54E-02,2.40E-02,3.17E-02,1.15E-02,4.55E-02,3.12E-02,4.20E-02,2.04E-02,1.57E-02,8.67E-03,3.98E-02,2.78E-02,2.93E-02,3.66E-02,3.70E-02,3.70E-02,3.70E-02,3.65E-02,3.75E-02,3.70E-02,3.68E-02,3.74E-02,3.67E-02,3.75E-02,3.60E-02,3.70E-02,3.42E-02,3.62E-02,3.43E-02,3.55E-02,4.32E-02,4.33E-02,3.39E-02,7.17E-02,3.93E-02,4.51E-02,7.11E-02,3.29E-02,4.38E-03,3.91E-02,4.23E-02,1.52E-02,1.81E-02,4.64E-02,8.18E-03,2.90E-02,2.50E-02,3.93E-02,-1.41E-03,3.49E-02,3.80E-02,1.01E-02,4.24E-02,5.26E-03,1.54E-02,3.46E-02,4.33E-02,3.14E-02
8239,Pb,Sn,O2S,PbSnO2S,4.546,1.5,1,0.58,4.74E-02,2.69E-02,5.54E-02,6.84E-02,3.30E-02,3.66E-02,5.13E-02,3.80E-02,3.63E-02,5.74E-03,1.02E-02,1.03E-02,5.25E-02,4.48E-02,2.60E-02,3.66E-02,2.83E-02,3.14E-02,4.09E-02,4.37E-02,4.78E-02,4.92E-02,3.82E-02,4.69E-02,1.25E-02,2.58E-02,1.12E-02,4.31E-02,3.70E-02,3.90E-02,3.66E-02,3.70E-02,3.70E-02,3.70E-02,3.65E-02,3.75E-02,3.70E-02,3.68E-02,3.74E-02,3.67E-02,3.75E-02,3.60E-02,3.70E-02,3.42E-02,3.62E-02,3.62E-02,3.77E-02,3.64E-02,3.64E-02,3.58E-02,3.08E-02,3.68E-02,3.53E-02,3.08E-02,3.68E-02,4.20E-02,3.34E-02,3.66E-02,3.04E-02,3.61E-02,7.87E-03,7.59E-02,4.80E-02,5.71E-02,4.46E-02,4.03E-02,3.75E-02,2.71E-02,2.95E-03,2.89E-02,5.45E-02,7.39E-02,2.94E-02,5.19E-02,6.27E-02
13753,Hg,Ge,O3,HgGeO3,3.834,1.2,0.3,0.78,4.06E-02,8.39E-03,6.62E-02,6.62E-02,2.59E-02,0.00E+00,4.50E-02,5.35E-02,6.17E-02,6.23E-03,2.41E-03,4.97E-03,4.51E-02,2.24E-02,2.60E-02,2.73E-02,3.05E-02,2.29E-02,2.50E-02,3.59E-02,4.74E-02,4.86E-02,4.11E-02,1.21E-02,1.76E-02,2.32E-02,4.93E-02,4.43E-02,3.70E-02,3.90E-02,3.66E-02,3.70E-02,3.70E-02,3.70E-02,3.65E-02,3.75E-02,3.70E-02,3.68E-02,3.74E-02,3.67E-02,3.75E-02,3.60E-02,3.70E-02,3.42E-02,3.62E-02,3.62E-02,3.77E-02,3.64E-02,3.64E-02,3.58E-02,3.08E-02,3.68E-02,3.53E-02,3.08E-02,3.68E-02,4.20E-02,3.34E-02,3.66E-02,3.04E-02,3.61E-02,3.80E-02,9.53E-03,3.31E-02,2.85E-02,3.01E-02,2.83E-02,3.70E-02,3.56E-02,3.29E-02,3.74E-02,5.42E-02,9.48E-03,3.92E-02,1.73E-02,2.09E-02
15167,Rb,Nb,O3,RbNbO3,4.14,3.9,3.4,-0.36,6.41E-02,1.28E-02,7.48E-03,2.82E-02,1.01E-01,1.56E-02,2.53E-03,2.14E-02,1.15E-01,1.62E-02,1.68E-02,5.07E-03,1.85E-02,4.48E-02,1.30E-02,3.30E-02,4.93E-02,3.68E-02,3.20E-02,2.93E-02,3.79E-02,2.89E-02,3.58E-02,1.55E-02,1.46E-02,2.08E-02,4.17E-02,3.52E-02,4.63E-02,4.88E-02,3.66E-02,3.70E-02,3.70E-02,3.70E-02,3.65E-02,3.75E-02,3.70E-02,3.68E-02,3.74E-02,3.67E-02,3.75E-02,3.60E-02,3.70E-02,3.42E-02,3.62E-02,3.62E-02,3.77E-02,3.64E-02,3.64E-02,3.58E-02,3.08E-02,3.68E-02,3.53E-02,3.08E-02,3.68E-02,4.20E-02,3.34E-02,3.66E-02,3.04E-02,3.61E-02,3.80E-02,9.53E-03,3.31E-02,2.85E-02,3.01E-02,2.83E-02,3.70E-02,3.56E-02,3.29E-02,3.74E-02,5.42E-02,9.48E-03,3.92E-02,1.73E-02,2.09E-02
14712,Pb,Hf,O3,PbHfO3,4.178,5.1,5.1,0.1,4.74E-02,2.69E-02,5.54E-02,6.84E-02,3.30E-02,3.66E-02,5.13E-02,3.80E-02,3.63E-02,5.74E-03,1.02E-02,1.03E-02,5.25E-02,4.48E-02,2.60E-02,4.28E-02,4.79E-02,5.72E-02,6.15E-02,3.63E-02,0.00E+00,2.77E-02,3.46E-02,1.26E-02,7.69E-03,8.92E-03,3.37E-02,2.86E-02,3.70E-02,3.90E-02,3.66E-02,3.70E-02,3.70E-02,3.70E-02,3.65E-02,3.75E-02,3.70E-02,3.68E-02,3.74E-02,3.67E-02,3.75E-02,3.60E-02,3.70E-02,3.42E-02,3.62E-02,3.62E-02,3.77E-02,3.64E-02,3.64E-02,3.58E-02,3.08E-02,3.68E-02,3.53E-02,3.08E-02,3.68E-02,4.20E-02,3.34E-02,3.66E-02,3.04E-02,3.61E-02,3.80E-02,9.53E-03,3.31E-02,2.85E-02,3.01E-02,2.83E-02,3.70E-02,3.56E-02,3.29E-02,3.74E-02,5.42E-02,9.48E-03,3.92E-02,1.73E-02,2.09E-02
2913,Sb,B,OFN,SbBOFN,3.728,1.6,1.1,1.14,3.03E-02,2.48E-02,3.27E-02,4.02E-02,3.29E-02,3.36E-02,5.38E-02,4.43E-02,1.38E-02,9.21E-03,7.01E-03,4.30E-02,4.62E-02,5.60E-02,3.90E-02,1.19E-02,4.20E-02,1.01E-02,3.73E-03,1.25E-02,1.07E-02,4.43E-02,2.75E-02,1.00E-02,5.64E-02,1.05E-02,3.50E-02,4.49E-02,2.78E-02,2.93E-02,3.66E-02,3.70E-02,3.70E-02,3.70E-02,3.65E-02,3.75E-02,3.70E-02,3.68E-02,3.74E-02,3.67E-02,3.75E-02,3.60E-02,3.70E-02,3.42E-02,3.62E-02,3.43E-02,3.55E-02,4.32E-02,4.33E-02,3.39E-02,7.17E-02,3.93E-02,4.51E-02,7.11E-02,3.29E-02,4.38E-03,3.91E-02,4.23E-02,1.52E-02,1.81E-02,4.64E-02,8.18E-03,2.90E-02,2.50E-02,3.93E-02,-1.41E-03,3.49E-02,3.80E-02,1.01E-02,4.24E-02,5.26E-03,1.54E-02,3.46E-02,4.33E-02,3.14E-02
14515,Pb,Ti,O3,PbTiO3,3.979,3.6,3.6,0.06,4.74E-02,2.69E-02,5.54E-02,6.84E-02,3.30E-02,3.66E-02,5.13E-02,3.80E-02,3.63E-02,5.74E-03,1.02E-02,1.03E-02,5.25E-02,4.48E-02,2.60E-02,3.14E-02,3.50E-02,1.95E-02,1.65E-02,2.85E-02,7.90E-03,2.64E-02,3.55E-02,1.83E-02,2.87E-02,8.49E-03,2.88E-02,3.39E-02,3.70E-02,3.90E-02,3.66E-02,3.70E-02,3.70E-02,3.70E-02,3.65E-02,3.75E-02,3.70E-02,3.68E-02,3.74E-02,3.67E-02,3.75E-02,3.60E-02,3.70E-02,3.42E-02,3.62E-02,3.62E-02,3.77E-02,3.64E-02,3.64E-02,3.58E-02,3.08E-02,3.68E-02,3.53E-02,3.08E-02,3.68E-02,4.20E-02,3.34E-02,3.66E-02,3.04E-02,3.61E-02,3.80E-02,9.53E-03,3.31E-02,2.85E-02,3.01E-02,2.83E-02,3.70E-02,3.56E-02,3.29E-02,3.74E-02,5.42E-02,9.48E-03,3.92E-02,1.73E-02,2.09E-02
2786,Sn,Zr,OFN,SnZrOFN,4.28,1.3,0.8,0.52,2.83E-02,3.83E-02,3.57E-02,3.92E-02,2.94E-02,4.03E-02,5.07E-02,3.77E-02,2.77E-02,1.01E-02,1.92E-02,1.56E-02,4.42E-02,4.48E-02,5.20E-02,4.33E-02,4.60E-02,2.80E-02,3.14E-02,3.75E-02,1.98E-02,2.70E-02,3.30E-02,1.21E-02,1.53E-02,8.80E-03,3.26E-02,2.93E-02,3.70E-02,3.90E-02,3.66E-02,3.70E-02,3.70E-02,3.70E-02,3.65E-02,3.75E-02,3.70E-02,3.68E-02,3.74E-02,3.67E-02,3.75E-02,3.60E-02,3.70E-02,3.42E-02,3.62E-02,3.43E-02,3.55E-02,4.32E-02,4.33E-02,3.39E-02,7.17E-02,3.93E-02,4.51E-02,7.11E-02,3.29E-02,4.38E-03,3.91E-02,4.23E-02,1.52E-02,1.81E-02,4.64E-02,8.18E-03,2.90E-02,2.50E-02,3.93E-02,-1.41E-03,3.49E-02,3.80E-02,1.01E-02,4.24E-02,5.26E-03,1.54E-02,3.46E-02,4.33E-02,3.14E-02
2261,Hf,Ga,O2N,HfGaO2N,3.829,1.8,1.2,1.24,3.31E-02,6.49E-02,6.50E-02,5.89E-02,2.44E-02,0.00E+00,2.85E-02,3.41E-02,7.43E-03,6.23E-03,6.64E-03,4.72E-02,2.93E-02,4.48E-02,5.20E-02,3.19E-02,2.43E-02,2.54E-02,2.40E-02,3.17E-02,1.15E-02,4.55E-02,3.12E-02,4.20E-02,2.04E-02,1.57E-02,8.67E-03,3.98E-02,2.78E-02,2.93E-02,3.66E-02,3.70E-02,3.70E-02,3.70E-02,3.65E-02,3.75E-02,3.70E-02,3.68E-02,3.74E-02,3.67E-02,3.75E-02,3.60E-02,3.70E-02,3.42E-02,3.62E-02,3.62E-02,3.77E-02,3.64E-02,3.64E-02,3.58E-02,3.08E-02,3.68E-02,3.53E-02,3.08E-02,3.68E-02,4.20E-02,3.34E-02,3.66E-02,3.04E-02,3.61E-02,4.64E-02,8.18E-03,2.90E-02,2.50E-02,3.93E-02,-1.41E-03,3.49E-02,3.80E-02,1.01E-02,4.24E-02,5.26E-03,1.54E-02,3.46E-02,4.33E-02,3.14E-02
14906,Cd,Ge,O3,CdGeO3,3.809,3,2.1,0.42,3.78E-02,1.38E-02,4.23E-02,3.71E-02,2.34E-02,0.00E+00,4.43E-02,4.61E-02,3.88E-02,1.03E-02,2.79E-02,1.32E-02,3.81E-02,2.24E-02,2.60E-02,2.73E-02,3.05E-02,2.29E-02,2.50E-02,3.59E-02,4.74E-02,4.86E-02,4.11E-02,1.21E-02,1.76E-02,2.32E-02,4.93E-02,4.43E-02,3.70E-02,3.90E-02,3.66E-02,3.70E-02,3.70E-02,3.70E-02,3.65E-02,3.75E-02,3.70E-02,3.68E-02,3.74E-02,3.67E-02,3.75E-02,3.60E-02,3.70E-02,3.42E-02,3.62E-02,3.62E-02,3.77E-02,3.64E-02,3.64E-02,3.58E-02,3.08E-02,3.68E-02,3.53E-02,3.08E-02,3.68E-02,4.20E-02,3.34E-02,3.66E-02,3.04E-02,3.61E-02,3.80E-02,9.53E-03,3.31E-02,2.85E-02,3.01E-02,2.83E-02,3.70E-02,3.56E-02,3.29E-02,3.74E-02,5.42E-02,9.48E-03,3.92E-02,1.73E-02,2.09E-02
5740,Hf,Hf,ON2,HfHfON2,4.142,2.4,1.8,0.54,3.31E-02,6.49E-02,6.50E-02,5.89E-02,2.44E-02,0.00E+00,2.85E-02,3.41E-02,7.43E-03,6.23E-03,6.64E-03,4.72E-02,2.93E-02,4.48E-02,5.20E-02,4.28E-02,4.79E-02,5.72E-02,6.15E-02,3.63E-02,0.00E+00,2.77E-02,3.46E-02,1.26E-02,7.69E-03,8.92E-03,3.37E-02,2.86E-02,3.70E-02,3.90E-02,3.66E-02,3.70E-02,3.70E-02,3.70E-02,3.65E-02,3.75E-02,3.70E-02,3.68E-02,3.74E-02,3.67E-02,3.75E-02,3.60E-02,3.70E-02,3.42E-02,3.62E-02,4.42E-02,3.23E-02,3.19E-02,3.19E-02,4.67E-02,-1.53E-03,3.47E-02,3.77E-02,9.48E-03,4.16E-02,4.08E-03,5.41E-02,3.23E-02,7.60E-02,5.42E-02,4.64E-02,8.18E-03,2.90E-02,2.50E-02,3.93E-02,-1.41E-03,3.49E-02,3.80E-02,1.01E-02,4.24E-02,5.26E-03,1.54E-02,3.46E-02,4.33E-02,3.14E-02
15088,Na,Sb,O3,NaSbO3,3.928,2.6,1.5,0.2,4.06E-02,1.54E-02,4.74E-03,7.59E-03,4.33E-02,1.75E-02,1.27E-03,2.63E-02,8.94E-02,5.47E-02,4.07E-02,5.64E-03,2.10E-02,1.12E-02,1.30E-02,3.92E-02,1.83E-02,2.88E-02,4.20E-02,4.89E-02,3.99E-02,5.22E-02,4.49E-02,2.34E-02,1.14E-02,9.42E-03,3.07E-02,4.51E-02,4.63E-02,2.93E-02,3.66E-02,3.70E-02,3.70E-02,3.70E-02,3.65E-02,3.75E-02,3.70E-02,3.68E-02,3.74E-02,3.67E-02,3.75E-02,3.60E-02,3.70E-02,3.42E-02,3.62E-02,3.62E-02,3.77E-02,3.64E-02,3.64E-02,3.58E-02,3.08E-02,3.68E-02,3.53E-02,3.08E-02,3.68E-02,4.20E-02,3.34E-02,3.66E-02,3.04E-02,3.61E-02,3.80E-02,9.53E-03,3.31E-02,2.85E-02,3.01E-02,2.83E-02,3.70E-02,3.56E-02,3.29E-02,3.74E-02,5.42E-02,9.48E-03,3.92E-02,1.73E-02,2.09E-02
13256,Zn,B,O2F,ZnBO2F,3.546,2.6,1.6,1.08,2.95E-02,1.57E-02,3.48E-02,2.16E-02,1.65E-02,0.00E+00,4.37E-02,4.82E-02,3.80E-02,1.73E-02,3.35E-02,1.60E-02,3.72E-02,2.24E-02,2.60E-02,1.19E-02,4.20E-02,1.01E-02,3.73E-03,1.25E-02,1.07E-02,4.43E-02,2.75E-02,1.00E-02,5.64E-02,1.05E-02,3.50E-02,4.49E-02,2.78E-02,2.93E-02,3.66E-02,3.70E-02,3.70E-02,3.70E-02,3.65E-02,3.75E-02,3.70E-02,3.68E-02,3.74E-02,3.67E-02,3.75E-02,3.60E-02,3.70E-02,3.42E-02,3.62E-02,3.62E-02,3.77E-02,3.64E-02,3.64E-02,3.58E-02,3.08E-02,3.68E-02,3.53E-02,3.08E-02,3.68E-02,4.20E-02,3.34E-02,3.66E-02,3.04E-02,3.61E-02,3.61E-02,8.99E-03,3.93E-02,3.39E-02,2.85E-02,6.59E-02,3.96E-02,4.55E-02,7.59E-02,3.35E-02,5.65E-03,1.11E-02,4.53E-02,8.65E-03,1.05E-02
2145,Sb,Si,O2N,SbSiO2N,3.691,1.9,0.9,0.84,3.03E-02,2.48E-02,3.27E-02,4.02E-02,3.29E-02,3.36E-02,5.38E-02,4.43E-02,1.38E-02,9.21E-03,7.01E-03,4.30E-02,4.62E-02,5.60E-02,3.90E-02,1.34E-02,2.58E-02,1.00E-02,9.68E-03,3.24E-02,5.28E-02,4.79E-02,4.24E-02,5.54E-03,3.85E-02,5.74E-02,7.78E-02,4.18E-02,3.70E-02,3.90E-02,3.66E-02,3.70E-02,3.70E-02,3.70E-02,3.65E-02,3.75E-02,3.70E-02,3.68E-02,3.74E-02,3.67E-02,3.75E-02,3.60E-02,3.70E-02,3.42E-02,3.62E-02,3.62E-02,3.77E-02,3.64E-02,3.64E-02,3.58E-02,3.08E-02,3.68E-02,3.53E-02,3.08E-02,3.68E-02,4.20E-02,3.34E-02,3.66E-02,3.04E-02,3.61E-02,4.64E-02,8.18E-03,2.90E-02,2.50E-02,3.93E-02,-1.41E-03,3.49E-02,3.80E-02,1.01E-02,4.24E-02,5.26E-03,1.54E-02,3.46E-02,4.33E-02,3.14E-02
16159,Hf,Zn,O3,HfZnO3,3.907,2,1.2,0.98,3.31E-02,6.49E-02,6.50E-02,5.89E-02,2.44E-02,0.00E+00,2.85E-02,3.41E-02,7.43E-03,6.23E-03,6.64E-03,4.72E-02,2.93E-02,4.48E-02,5.20E-02,3.81E-02,1.16E-02,3.07E-02,2.25E-02,2.44E-02,0.00E+00,4.24E-02,4.88E-02,6.43E-02,2.13E-02,4.50E-02,1.14E-02,3.63E-02,1.85E-02,1.95E-02,3.66E-02,3.70E-02,3.70E-02,3.70E-02,3.65E-02,3.75E-02,3.70E-02,3.68E-02,3.74E-02,3.67E-02,3.75E-02,3.60E-02,3.70E-02,3.42E-02,3.62E-02,3.62E-02,3.77E-02,3.64E-02,3.64E-02,3.58E-02,3.08E-02,3.68E-02,3.53E-02,3.08E-02,3.68E-02,4.20E-02,3.34E-02,3.66E-02,3.04E-02,3.61E-02,3.80E-02,9.53E-03,3.31E-02,2.85E-02,3.01E-02,2.83E-02,3.70E-02,3.56E-02,3.29E-02,3.74E-02,5.42E-02,9.48E-03,3.92E-02,1.73E-02,2.09E-02
277,La,Hf,O2N,LaHfO2N,4.207,4,3.8,0.06,4.62E-02,4.98E-02,3.00E-02,4.58E-02,4.08E-02,1.66E-02,8.23E-03,2.86E-02,6.55E-03,8.46E-03,3.90E-03,2.45E-02,2.48E-02,3.36E-02,3.90E-02,4.28E-02,4.79E-02,5.72E-02,6.15E-02,3.63E-02,0.00E+00,2.77E-02,3.46E-02,1.26E-02,7.69E-03,8.92E-03,3.37E-02,2.86E-02,3.70E-02,3.90E-02,3.66E-02,3.70E-02,3.70E-02,3.70E-02,3.65E-02,3.75E-02,3.70E-02,3.68E-02,3.74E-02,3.67E-02,3.75E-02,3.60E-02,3.70E-02,3.42E-02,3.62E-02,3.62E-02,3.77E-02,3.64E-02,3.64E-02,3.58E-02,3.08E-02,3.68E-02,3.53E-02,3.08E-02,3.68E-02,4.20E-02,3.34E-02,3.66E-02,3.04E-02,3.61E-02,4.64E-02,8.18E-03,2.90E-02,2.50E-02,3.93E-02,-1.41E-03,3.49E-02,3.80E-02,1.01E-02,4.24E-02,5.26E-03,1.54E-02,3.46E-02,4.33E-02,3.14E-02
14615,Ba,Zr,O3,BaZrO3,4.248,6.3,6.2,-0.28,5.66E-02,2.77E-02,1.75E-02,4.53E-02,6.85E-02,-1.73E-02,5.70E-03,2.67E-02,2.59E-02,9.08E-03,5.31E-03,1.74E-02,2.01E-02,2.24E-02,2.60E-02,4.33E-02,4.60E-02,2.80E-02,3.14E-02,3.75E-02,1.98E-02,2.70E-02,3.30E-02,1.21E-02,1.53E-02,8.80E-03,3.26E-02,2.93E-02,3.70E-02,3.90E-02,3.66E-02,3.70E-02,3.70E-02,3.70E-02,3.65E-02,3.75E-02,3.70E-02,3.68E-02,3.74E-02,3.67E-02,3.75E-02,3.60E-02,3.70E-02,3.42E-02,3.62E-02,3.62E-02,3.77E-02,3.64E-02,3.64E-02,3.58E-02,3.08E-02,3.68E-02,3.53E-02,3.08E-02,3.68E-02,4.20E-02,3.34E-02,3.66E-02,3.04E-02,3.61E-02,3.80E-02,9.53E-03,3.31E-02,2.85E-02,3.01E-02,2.83E-02,3.70E-02,3.56E-02,3.29E-02,3.74E-02,5.42E-02,9.48E-03,3.92E-02,1.73E-02,2.09E-02
8693,As,Ir,O2S,AsIrO2S,4.297,0.2,0.2,1.18,2.31E-02,1.17E-02,2.82E-02,2.47E-02,2.34E-02,2.56E-02,5.32E-02,5.03E-02,1.94E-02,1.47E-02,1.44E-02,6.01E-02,4.87E-02,5.60E-02,3.90E-02,3.25E-02,4.62E-02,9.72E-02,6.63E-02,2.23E-02,5.93E-02,3.69E-02,4.73E-02,1.36E-02,7.14E-03,5.70E-02,4.09E-02,4.84E-02,2.78E-02,3.90E-02,3.66E-02,3.70E-02,3.70E-02,3.70E-02,3.65E-02,3.75E-02,3.70E-02,3.68E-02,3.74E-02,3.67E-02,3.75E-02,3.60E-02,3.70E-02,3.42E-02,3.62E-02,3.62E-02,3.77E-02,3.64E-02,3.64E-02,3.58E-02,3.08E-02,3.68E-02,3.53E-02,3.08E-02,3.68E-02,4.20E-02,3.34E-02,3.66E-02,3.04E-02,3.61E-02,7.87E-03,7.59E-02,4.80E-02,5.71E-02,4.46E-02,4.03E-02,3.75E-02,2.71E-02,2.95E-03,2.89E-02,5.45E-02,7.39E-02,2.94E-02,5.19E-02,6.27E-02
2515,Ba,Nb,O2N,BaNbO2N,4.183,1.3,1.3,-0.14,5.66E-02,2.77E-02,1.75E-02,4.53E-02,6.85E-02,-1.73E-02,5.70E-03,2.67E-02,2.59E-02,9.08E-03,5.31E-03,1.74E-02,2.01E-02,2.24E-02,2.60E-02,3.30E-02,4.93E-02,3.68E-02,3.20E-02,2.93E-02,3.79E-02,2.89E-02,3.58E-02,1.55E-02,1.46E-02,2.08E-02,4.17E-02,3.52E-02,4.63E-02,4.88E-02,3.66E-02,3.70E-02,3.70E-02,3.70E-02,3.65E-02,3.75E-02,3.70E-02,3.68E-02,3.74E-02,3.67E-02,3.75E-02,3.60E-02,3.70E-02,3.42E-02,3.62E-02,3.62E-02,3.77E-02,3.64E-02,3.64E-02,3.58E-02,3.08E-02,3.68E-02,3.53E-02,3.08E-02,3.68E-02,4.20E-02,3.34E-02,3.66E-02,3.04E-02,3.61E-02,4.64E-02,8.18E-03,2.90E-02,2.50E-02,3.93E-02,-1.41E-03,3.49E-02,3.80E-02,1.01E-02,4.24E-02,5.26E-03,1.54E-02,3.46E-02,4.33E-02,3.14E-02
12659,Ag,Ti,O2F,AgTiO2F,3.941,3.8,2.8,-0.04,4.58E-02,3.24E-02,5.13E-02,3.56E-02,1.85E-02,4.18E-02,4.12E-02,3.88E-02,2.38E-02,1.05E-02,1.24E-01,2.45E-02,4.35E-02,2.24E-02,1.30E-02,3.14E-02,3.50E-02,1.95E-02,1.65E-02,2.85E-02,7.90E-03,2.64E-02,3.55E-02,1.83E-02,2.87E-02,8.49E-03,2.88E-02,3.39E-02,3.70E-02,3.90E-02,3.66E-02,3.70E-02,3.70E-02,3.70E-02,3.65E-02,3.75E-02,3.70E-02,3.68E-02,3.74E-02,3.67E-02,3.75E-02,3.60E-02,3.70E-02,3.42E-02,3.62E-02,3.62E-02,3.77E-02,3.64E-02,3.64E-02,3.58E-02,3.08E-02,3.68E-02,3.53E-02,3.08E-02,3.68E-02,4.20E-02,3.34E-02,3.66E-02,3.04E-02,3.61E-02,3.61E-02,8.99E-03,3.93E-02,3.39E-02,2.85E-02,6.59E-02,3.96E-02,4.55E-02,7.59E-02,3.35E-02,5.65E-03,1.11E-02,4.53E-02,8.65E-03,1.05E-02
8768,Pd,Ca,O2S,PdCaO2S,4.45,0.5,0.4,1.08,2.55E-02,4.31E-02,5.86E-02,3.51E-02,1.60E-02,2.00E-02,3.93E-02,4.28E-02,1.49E-02,1.09E-02,2.07E-02,3.63E-02,4.96E-02,4.48E-02,2.60E-02,5.15E-02,1.73E-02,6.66E-03,1.38E-02,7.14E-02,-6.16E-02,4.30E-03,3.18E-02,4.75E-02,3.55E-02,7.75E-02,1.32E-02,2.20E-02,1.85E-02,1.95E-02,3.66E-02,3.70E-02,3.70E-02,3.70E-02,3.65E-02,3.75E-02,3.70E-02,3.68E-02,3.74E-02,3.67E-02,3.75E-02,3.60E-02,3.70E-02,3.42E-02,3.62E-02,3.62E-02,3.77E-02,3.64E-02,3.64E-02,3.58E-02,3.08E-02,3.68E-02,3.53E-02,3.08E-02,3.68E-02,4.20E-02,3.34E-02,3.66E-02,3.04E-02,3.61E-02,7.87E-03,7.59E-02,4.80E-02,5.71E-02,4.46E-02,4.03E-02,3.75E-02,2.71E-02,2.95E-03,2.89E-02,5.45E-02,7.39E-02,2.94E-02,5.19E-02,6.27E-02
9097,Hg,Hf,O2S,HgHfO2S,4.533,1.4,0.7,0.74,4.06E-02,8.39E-03,6.62E-02,6.62E-02,2.59E-02,0.00E+00,4.50E-02,5.35E-02,6.17E-02,6.23E-03,2.41E-03,4.97E-03,4.51E-02,2.24E-02,2.60E-02,4.28E-02,4.79E-02,5.72E-02,6.15E-02,3.63E-02,0.00E+00,2.77E-02,3.46E-02,1.26E-02,7.69E-03,8.92E-03,3.37E-02,2.86E-02,3.70E-02,3.90E-02,3.66E-02,3.70E-02,3.70E-02,3.70E-02,3.65E-02,3.75E-02,3.70E-02,3.68E-02,3.74E-02,3.67E-02,3.75E-02,3.60E-02,3.70E-02,3.42E-02,3.62E-02,3.62E-02,3.77E-02,3.64E-02,3.64E-02,3.58E-02,3.08E-02,3.68E-02,3.53E-02,3.08E-02,3.68E-02,4.20E-02,3.34E-02,3.66E-02,3.04E-02,3.61E-02,7.87E-03,7.59E-02,4.80E-02,5.71E-02,4.46E-02,4.03E-02,3.75E-02,2.71E-02,2.95E-03,2.89E-02,5.45E-02,7.39E-02,2.94E-02,5.19E-02,6.27E-02
17057,Be,Sc,N3,BeScN3,3.849,0.8,0.8,1.72,1.79E-02,4.32E-02,9.04E-03,2.97E-03,8.83E-03,-7.99E-02,4.24E-02,4.78E-02,1.42E-02,8.12E-02,5.77E-02,2.54E-02,3.54E-02,2.24E-02,2.60E-02,3.86E-02,3.05E-02,1.29E-02,1.55E-02,4.03E-02,7.15E-03,6.76E-03,3.40E-02,2.13E-02,3.12E-02,6.12E-03,2.50E-02,2.99E-02,2.78E-02,2.93E-02,4.47E-02,3.18E-02,3.24E-02,3.24E-02,4.77E-02,-1.86E-03,3.48E-02,3.93E-02,1.15E-02,4.16E-02,3.64E-03,5.83E-02,3.27E-02,8.55E-02,5.43E-02,4.42E-02,3.23E-02,3.19E-02,3.19E-02,4.67E-02,-1.53E-03,3.47E-02,3.77E-02,9.48E-03,4.16E-02,4.08E-03,5.41E-02,3.23E-02,7.60E-02,5.42E-02,4.64E-02,8.18E-03,2.90E-02,2.50E-02,3.93E-02,-1.41E-03,3.49E-02,3.80E-02,1.01E-02,4.24E-02,5.26E-03,1.54E-02,3.46E-02,4.33E-02,3.14E-02
10114,Bi,B,O2S,BiBO2S,4.074,1.4,0.8,1.02,4.10E-02,2.45E-02,4.76E-02,6.90E-02,3.85E-02,3.66E-02,5.45E-02,3.74E-02,1.69E-02,5.43E-03,2.27E-03,2.39E-02,4.55E-02,5.60E-02,3.90E-02,1.19E-02,4.20E-02,1.01E-02,3.73E-03,1.25E-02,1.07E-02,4.43E-02,2.75E-02,1.00E-02,5.64E-02,1.05E-02,3.50E-02,4.49E-02,2.78E-02,2.93E-02,3.66E-02,3.70E-02,3.70E-02,3.70E-02,3.65E-02,3.75E-02,3.70E-02,3.68E-02,3.74E-02,3.67E-02,3.75E-02,3.60E-02,3.70E-02,3.42E-02,3.62E-02,3.62E-02,3.77E-02,3.64E-02,3.64E-02,3.58E-02,3.08E-02,3.68E-02,3.53E-02,3.08E-02,3.68E-02,4.20E-02,3.34E-02,3.66E-02,3.04E-02,3.61E-02,7.87E-03,7.59E-02,4.80E-02,5.71E-02,4.46E-02,4.03E-02,3.75E-02,2.71E-02,2.95E-03,2.89E-02,5.45E-02,7.39E-02,2.94E-02,5.19E-02,6.27E-02
5561,Ti,Zr,ON2,TiZrON2,4.144,0.8,0.5,0.72,2.43E-02,4.74E-02,2.22E-02,1.58E-02,1.92E-02,6.66E-03,2.72E-02,3.50E-02,1.08E-02,2.33E-02,6.32E-03,4.03E-02,3.47E-02,4.48E-02,5.20E-02,4.33E-02,4.60E-02,2.80E-02,3.14E-02,3.75E-02,1.98E-02,2.70E-02,3.30E-02,1.21E-02,1.53E-02,8.80E-03,3.26E-02,2.93E-02,3.70E-02,3.90E-02,3.66E-02,3.70E-02,3.70E-02,3.70E-02,3.65E-02,3.75E-02,3.70E-02,3.68E-02,3.74E-02,3.67E-02,3.75E-02,3.60E-02,3.70E-02,3.42E-02,3.62E-02,4.42E-02,3.23E-02,3.19E-02,3.19E-02,4.67E-02,-1.53E-03,3.47E-02,3.77E-02,9.48E-03,4.16E-02,4.08E-03,5.41E-02,3.23E-02,7.60E-02,5.42E-02,4.64E-02,8.18E-03,2.90E-02,2.50E-02,3.93E-02,-1.41E-03,3.49E-02,3.80E-02,1.01E-02,4.24E-02,5.26E-03,1.54E-02,3.46E-02,4.33E-02,3.14E-02
2598,Be,Cu,O2N,BeCuO2N,3.706,0.2,0.2,1.8,1.79E-02,4.32E-02,9.04E-03,2.97E-03,8.83E-03,-7.99E-02,4.24E-02,4.78E-02,1.42E-02,8.12E-02,5.77E-02,2.54E-02,3.54E-02,2.24E-02,2.60E-02,3.76E-02,2.79E-02,3.85E-02,2.19E-02,1.91E-02,4.68E-02,3.93E-02,4.02E-02,3.51E-02,2.11E-02,1.55E-01,2.04E-02,4.18E-02,1.85E-02,1.95E-02,3.66E-02,3.70E-02,3.70E-02,3.70E-02,3.65E-02,3.75E-02,3.70E-02,3.68E-02,3.74E-02,3.67E-02,3.75E-02,3.60E-02,3.70E-02,3.42E-02,3.62E-02,3.62E-02,3.77E-02,3.64E-02,3.64E-02,3.58E-02,3.08E-02,3.68E-02,3.53E-02,3.08E-02,3.68E-02,4.20E-02,3.34E-02,3.66E-02,3.04E-02,3.61E-02,4.64E-02,8.18E-03,2.90E-02,2.50E-02,3.93E-02,-1.41E-03,3.49E-02,3.80E-02,1.01E-02,4.24E-02,5.26E-03,1.54E-02,3.46E-02,4.33E-02,3.14E-02
16149,In,Sc,O3,InScO3,4.145,0.6,0.3,0.52,3.19E-02,3.13E-02,3.57E-02,3.79E-02,2.84E-02,9.65E-03,4.75E-02,2.97E-02,4.04E-02,1.04E-02,2.35E-02,7.07E-03,4.01E-02,3.36E-02,3.90E-02,3.86E-02,3.05E-02,1.29E-02,1.55E-02,4.03E-02,7.15E-03,6.76E-03,3.40E-02,2.13E-02,3.12E-02,6.12E-03,2.50E-02,2.99E-02,2.78E-02,2.93E-02,3.66E-02,3.70E-02,3.70E-02,3.70E-02,3.65E-02,3.75E-02,3.70E-02,3.68E-02,3.74E-02,3.67E-02,3.75E-02,3.60E-02,3.70E-02,3.42E-02,3.62E-02,3.62E-02,3.77E-02,3.64E-02,3.64E-02,3.58E-02,3.08E-02,3.68E-02,3.53E-02,3.08E-02,3.68E-02,4.20E-02,3.34E-02,3.66E-02,3.04E-02,3.61E-02,3.80E-02,9.53E-03,3.31E-02,2.85E-02,3.01E-02,2.83E-02,3.70E-02,3.56E-02,3.29E-02,3.74E-02,5.42E-02,9.48E-03,3.92E-02,1.73E-02,2.09E-02
1838,Y,Si,O2N,YSiO2N,3.656,4.5,4,0.42,4.06E-02,4.81E-02,2.18E-02,2.93E-02,3.59E-02,0.00E+00,7.60E-03,3.27E-02,1.42E-02,1.34E-02,4.96E-03,3.72E-02,2.75E-02,3.36E-02,3.90E-02,1.34E-02,2.58E-02,1.00E-02,9.68E-03,3.24E-02,5.28E-02,4.79E-02,4.24E-02,5.54E-03,3.85E-02,5.74E-02,7.78E-02,4.18E-02,3.70E-02,3.90E-02,3.66E-02,3.70E-02,3.70E-02,3.70E-02,3.65E-02,3.75E-02,3.70E-02,3.68E-02,3.74E-02,3.67E-02,3.75E-02,3.60E-02,3.70E-02,3.42E-02,3.62E-02,3.62E-02,3.77E-02,3.64E-02,3.64E-02,3.58E-02,3.08E-02,3.68E-02,3.53E-02,3.08E-02,3.68E-02,4.20E-02,3.34E-02,3.66E-02,3.04E-02,3.61E-02,4.64E-02,8.18E-03,2.90E-02,2.50E-02,3.93E-02,-1.41E-03,3.49E-02,3.80E-02,1.01E-02,4.24E-02,5.26E-03,1.54E-02,3.46E-02,4.33E-02,3.14E-02
5007,Be,Ti,OFN,BeTiOFN,3.943,2.4,1.5,0.98,1.79E-02,4.32E-02,9.04E-03,2.97E-03,8.83E-03,-7.99E-02,4.24E-02,4.78E-02,1.42E-02,8.12E-02,5.77E-02,2.54E-02,3.54E-02,2.24E-02,2.60E-02,3.14E-02,3.50E-02,1.95E-02,1.65E-02,2.85E-02,7.90E-03,2.64E-02,3.55E-02,1.83E-02,2.87E-02,8.49E-03,2.88E-02,3.39E-02,3.70E-02,3.90E-02,3.66E-02,3.70E-02,3.70E-02,3.70E-02,3.65E-02,3.75E-02,3.70E-02,3.68E-02,3.74E-02,3.67E-02,3.75E-02,3.60E-02,3.70E-02,3.42E-02,3.62E-02,3.43E-02,3.55E-02,4.32E-02,4.33E-02,3.39E-02,7.17E-02,3.93E-02,4.51E-02,7.11E-02,3.29E-02,4.38E-03,3.91E-02,4.23E-02,1.52E-02,1.81E-02,4.64E-02,8.18E-03,2.90E-02,2.50E-02,3.93E-02,-1.41E-03,3.49E-02,3.80E-02,1.01E-02,4.24E-02,5.26E-03,1.54E-02,3.46E-02,4.33E-02,3.14E-02
13383,Zr,Li,O2F,ZrLiO2F,3.606,1.7,1.2,1.16,3.35E-02,6.23E-02,3.18E-02,3.01E-02,2.53E-02,1.66E-02,2.79E-02,3.25E-02,7.17E-03,1.24E-02,6.55E-03,4.55E-02,3.00E-02,4.48E-02,5.20E-02,3.92E-02,1.59E-02,2.28E-03,2.39E-03,3.50E-02,2.36E-02,6.15E-04,2.80E-02,9.80E-02,1.97E-01,3.28E-02,4.65E-03,2.16E-02,9.26E-03,9.76E-03,3.66E-02,3.70E-02,3.70E-02,3.70E-02,3.65E-02,3.75E-02,3.70E-02,3.68E-02,3.74E-02,3.67E-02,3.75E-02,3.60E-02,3.70E-02,3.42E-02,3.62E-02,3.62E-02,3.77E-02,3.64E-02,3.64E-02,3.58E-02,3.08E-02,3.68E-02,3.53E-02,3.08E-02,3.68E-02,4.20E-02,3.34E-02,3.66E-02,3.04E-02,3.61E-02,3.61E-02,8.99E-03,3.93E-02,3.39E-02,2.85E-02,6.59E-02,3.96E-02,4.55E-02,7.59E-02,3.35E-02,5.65E-03,1.11E-02,4.53E-02,8.65E-03,1.05E-02
5969,Al,Sb,ON2,AlSbON2,4.034,1.8,1.2,1.18,2.15E-02,3.65E-02,1.32E-02,8.90E-03,1.81E-02,1.50E-02,4.62E-02,3.07E-02,2.91E-02,4.01E-02,6.84E-02,2.32E-02,3.63E-02,3.36E-02,3.90E-02,3.92E-02,1.83E-02,2.88E-02,4.20E-02,4.89E-02,3.99E-02,5.22E-02,4.49E-02,2.34E-02,1.14E-02,9.42E-03,3.07E-02,4.51E-02,4.63E-02,2.93E-02,3.66E-02,3.70E-02,3.70E-02,3.70E-02,3.65E-02,3.75E-02,3.70E-02,3.68E-02,3.74E-02,3.67E-02,3.75E-02,3.60E-02,3.70E-02,3.42E-02,3.62E-02,4.42E-02,3.23E-02,3.19E-02,3.19E-02,4.67E-02,-1.53E-03,3.47E-02,3.77E-02,9.48E-03,4.16E-02,4.08E-03,5.41E-02,3.23E-02,7.60E-02,5.42E-02,4.64E-02,8.18E-03,2.90E-02,2.50E-02,3.93E-02,-1.41E-03,3.49E-02,3.80E-02,1.01E-02,4.24E-02,5.26E-03,1.54E-02,3.46E-02,4.33E-02,3.14E-02
2687,Be,Ta,O2N,BeTaO2N,4.033,2.6,1.8,0.68,1.79E-02,4.32E-02,9.04E-03,2.97E-03,8.83E-03,-7.99E-02,4.24E-02,4.78E-02,1.42E-02,8.12E-02,5.77E-02,2.54E-02,3.54E-02,2.24E-02,2.60E-02,3.30E-02,5.63E-02,7.16E-02,6.24E-02,2.85E-02,2.37E-02,2.95E-02,4.10E-02,1.34E-02,7.69E-03,2.23E-02,5.58E-02,3.30E-02,4.63E-02,4.88E-02,3.66E-02,3.70E-02,3.70E-02,3.70E-02,3.65E-02,3.75E-02,3.70E-02,3.68E-02,3.74E-02,3.67E-02,3.75E-02,3.60E-02,3.70E-02,3.42E-02,3.62E-02,3.62E-02,3.77E-02,3.64E-02,3.64E-02,3.58E-02,3.08E-02,3.68E-02,3.53E-02,3.08E-02,3.68E-02,4.20E-02,3.34E-02,3.66E-02,3.04E-02,3.61E-02,4.64E-02,8.18E-03,2.90E-02,2.50E-02,3.93E-02,-1.41E-03,3.49E-02,3.80E-02,1.01E-02,4.24E-02,5.26E-03,1.54E-02,3.46E-02,4.33E-02,3.14E-02
8358,Sb,Sc,O2S,SbScO2S,4.49,1.2,0.8,0.76,3.03E-02,2.48E-02,3.27E-02,4.02E-02,3.29E-02,3.36E-02,5.38E-02,4.43E-02,1.38E-02,9.21E-03,7.01E-03,4.30E-02,4.62E-02,5.60E-02,3.90E-02,3.86E-02,3.05E-02,1.29E-02,1.55E-02,4.03E-02,7.15E-03,6.76E-03,3.40E-02,2.13E-02,3.12E-02,6.12E-03,2.50E-02,2.99E-02,2.78E-02,2.93E-02,3.66E-02,3.70E-02,3.70E-02,3.70E-02,3.65E-02,3.75E-02,3.70E-02,3.68E-02,3.74E-02,3.67E-02,3.75E-02,3.60E-02,3.70E-02,3.42E-02,3.62E-02,3.62E-02,3.77E-02,3.64E-02,3.64E-02,3.58E-02,3.08E-02,3.68E-02,3.53E-02,3.08E-02,3.68E-02,4.20E-02,3.34E-02,3.66E-02,3.04E-02,3.61E-02,7.87E-03,7.59E-02,4.80E-02,5.71E-02,4.46E-02,4.03E-02,3.75E-02,2.71E-02,2.95E-03,2.89E-02,5.45E-02,7.39E-02,2.94E-02,5.19E-02,6.27E-02
2280,K,W,O2N,KWO2N,4.034,0.7,0.6,-0.1,6.01E-02,1.38E-02,4.20E-03,1.29E-02,8.24E-02,1.61E-02,1.90E-03,2.23E-02,1.03E-01,3.37E-02,2.96E-02,5.05E-03,1.85E-02,1.12E-02,1.30E-02,3.09E-02,5.72E-02,8.30E-02,6.34E-02,2.56E-02,2.37E-02,3.13E-02,4.15E-02,9.59E-03,7.14E-03,6.74E-02,5.49E-02,5.20E-02,5.55E-02,5.85E-02,3.66E-02,3.70E-02,3.70E-02,3.70E-02,3.65E-02,3.75E-02,3.70E-02,3.68E-02,3.74E-02,3.67E-02,3.75E-02,3.60E-02,3.70E-02,3.42E-02,3.62E-02,3.62E-02,3.77E-02,3.64E-02,3.64E-02,3.58E-02,3.08E-02,3.68E-02,3.53E-02,3.08E-02,3.68E-02,4.20E-02,3.34E-02,3.66E-02,3.04E-02,3.61E-02,4.64E-02,8.18E-03,2.90E-02,2.50E-02,3.93E-02,-1.41E-03,3.49E-02,3.80E-02,1.01E-02,4.24E-02,5.26E-03,1.54E-02,3.46E-02,4.33E-02,3.14E-02
654,Cd,Nb,O2N,CdNbO2N,4.122,2.5,1.7,0.3,3.78E-02,1.38E-02,4.23E-02,3.71E-02,2.34E-02,0.00E+00,4.43E-02,4.61E-02,3.88E-02,1.03E-02,2.79E-02,1.32E-02,3.81E-02,2.24E-02,2.60E-02,3.30E-02,4.93E-02,3.68E-02,3.20E-02,2.93E-02,3.79E-02,2.89E-02,3.58E-02,1.55E-02,1.46E-02,2.08E-02,4.17E-02,3.52E-02,4.63E-02,4.88E-02,3.66E-02,3.70E-02,3.70E-02,3.70E-02,3.65E-02,3.75E-02,3.70E-02,3.68E-02,3.74E-02,3.67E-02,3.75E-02,3.60E-02,3.70E-02,3.42E-02,3.62E-02,3.62E-02,3.77E-02,3.64E-02,3.64E-02,3.58E-02,3.08E-02,3.68E-02,3.53E-02,3.08E-02,3.68E-02,4.20E-02,3.34E-02,3.66E-02,3.04E-02,3.61E-02,4.64E-02,8.18E-03,2.90E-02,2.50E-02,3.93E-02,-1.41E-03,3.49E-02,3.80E-02,1.01E-02,4.24E-02,5.26E-03,1.54E-02,3.46E-02,4.33E-02,3.14E-02
965,Sr,Ta,O2N,SrTaO2N,4.113,2.1,2.1,0,5.02E-02,2.20E-02,1.24E-02,2.89E-02,6.10E-02,-5.59E-02,5.07E-03,2.92E-02,2.83E-02,1.34E-02,1.02E-03,1.78E-02,2.14E-02,2.24E-02,2.60E-02,3.30E-02,5.63E-02,7.16E-02,6.24E-02,2.85E-02,2.37E-02,2.95E-02,4.10E-02,1.34E-02,7.69E-03,2.23E-02,5.58E-02,3.30E-02,4.63E-02,4.88E-02,3.66E-02,3.70E-02,3.70E-02,3.70E-02,3.65E-02,3.75E-02,3.70E-02,3.68E-02,3.74E-02,3.67E-02,3.75E-02,3.60E-02,3.70E-02,3.42E-02,3.62E-02,3.62E-02,3.77E-02,3.64E-02,3.64E-02,3.58E-02,3.08E-02,3.68E-02,3.53E-02,3.08E-02,3.68E-02,4.20E-02,3.34E-02,3.66E-02,3.04E-02,3.61E-02,4.64E-02,8.18E-03,2.90E-02,2.50E-02,3.93E-02,-1.41E-03,3.49E-02,3.80E-02,1.01E-02,4.24E-02,5.26E-03,1.54E-02,3.46E-02,4.33E-02,3.14E-02
14806,Sr,Ti,O3,SrTiO3,3.931,4.3,4.1,-0.24,5.02E-02,2.20E-02,1.24E-02,2.89E-02,6.10E-02,-5.59E-02,5.07E-03,2.92E-02,2.83E-02,1.34E-02,1.02E-03,1.78E-02,2.14E-02,2.24E-02,2.60E-02,3.14E-02,3.50E-02,1.95E-02,1.65E-02,2.85E-02,7.90E-03,2.64E-02,3.55E-02,1.83E-02,2.87E-02,8.49E-03,2.88E-02,3.39E-02,3.70E-02,3.90E-02,3.66E-02,3.70E-02,3.70E-02,3.70E-02,3.65E-02,3.75E-02,3.70E-02,3.68E-02,3.74E-02,3.67E-02,3.75E-02,3.60E-02,3.70E-02,3.42E-02,3.62E-02,3.62E-02,3.77E-02,3.64E-02,3.64E-02,3.58E-02,3.08E-02,3.68E-02,3.53E-02,3.08E-02,3.68E-02,4.20E-02,3.34E-02,3.66E-02,3.04E-02,3.61E-02,3.80E-02,9.53E-03,3.31E-02,2.85E-02,3.01E-02,2.83E-02,3.70E-02,3.56E-02,3.29E-02,3.74E-02,5.42E-02,9.48E-03,3.92E-02,1.73E-02,2.09E-02
3967,Sb,Nb,OFN,SbNbOFN,4.205,0.2,0.2,0.72,3.03E-02,2.48E-02,3.27E-02,4.02E-02,3.29E-02,3.36E-02,5.38E-02,4.43E-02,1.38E-02,9.21E-03,7.01E-03,4.30E-02,4.62E-02,5.60E-02,3.90E-02,3.30E-02,4.93E-02,3.68E-02,3.20E-02,2.93E-02,3.79E-02,2.89E-02,3.58E-02,1.55E-02,1.46E-02,2.08E-02,4.17E-02,3.52E-02,4.63E-02,4.88E-02,3.66E-02,3.70E-02,3.70E-02,3.70E-02,3.65E-02,3.75E-02,3.70E-02,3.68E-02,3.74E-02,3.67E-02,3.75E-02,3.60E-02,3.70E-02,3.42E-02,3.62E-02,3.43E-02,3.55E-02,4.32E-02,4.33E-02,3.39E-02,7.17E-02,3.93E-02,4.51E-02,7.11E-02,3.29E-02,4.38E-03,3.91E-02,4.23E-02,1.52E-02,1.81E-02,4.64E-02,8.18E-03,2.90E-02,2.50E-02,3.93E-02,-1.41E-03,3.49E-02,3.80E-02,1.01E-02,4.24E-02,5.26E-03,1.54E-02,3.46E-02,4.33E-02,3.14E-02
7010,Sc,Ta,ON2,ScTaON2,4.085,2.2,1.9,0.28,2.99E-02,4.14E-02,1.46E-02,1.48E-02,2.71E-02,6.02E-03,6.97E-03,3.35E-02,1.26E-02,2.53E-02,4.56E-03,3.49E-02,3.07E-02,3.36E-02,3.90E-02,3.30E-02,5.63E-02,7.16E-02,6.24E-02,2.85E-02,2.37E-02,2.95E-02,4.10E-02,1.34E-02,7.69E-03,2.23E-02,5.58E-02,3.30E-02,4.63E-02,4.88E-02,3.66E-02,3.70E-02,3.70E-02,3.70E-02,3.65E-02,3.75E-02,3.70E-02,3.68E-02,3.74E-02,3.67E-02,3.75E-02,3.60E-02,3.70E-02,3.42E-02,3.62E-02,4.42E-02,3.23E-02,3.19E-02,3.19E-02,4.67E-02,-1.53E-03,3.47E-02,3.77E-02,9.48E-03,4.16E-02,4.08E-03,5.41E-02,3.23E-02,7.60E-02,5.42E-02,4.64E-02,8.18E-03,2.90E-02,2.50E-02,3.93E-02,-1.41E-03,3.49E-02,3.80E-02,1.01E-02,4.24E-02,5.26E-03,1.54E-02,3.46E-02,4.33E-02,3.14E-02
15680,Hg,Ti,O3,HgTiO3,3.935,1,0.2,0.56,4.06E-02,8.39E-03,6.62E-02,6.62E-02,2.59E-02,0.00E+00,4.50E-02,5.35E-02,6.17E-02,6.23E-03,2.41E-03,4.97E-03,4.51E-02,2.24E-02,2.60E-02,3.14E-02,3.50E-02,1.95E-02,1.65E-02,2.85E-02,7.90E-03,2.64E-02,3.55E-02,1.83E-02,2.87E-02,8.49E-03,2.88E-02,3.39E-02,3.70E-02,3.90E-02,3.66E-02,3.70E-02,3.70E-02,3.70E-02,3.65E-02,3.75E-02,3.70E-02,3.68E-02,3.74E-02,3.67E-02,3.75E-02,3.60E-02,3.70E-02,3.42E-02,3.62E-02,3.62E-02,3.77E-02,3.64E-02,3.64E-02,3.58E-02,3.08E-02,3.68E-02,3.53E-02,3.08E-02,3.68E-02,4.20E-02,3.34E-02,3.66E-02,3.04E-02,3.61E-02,3.80E-02,9.53E-03,3.31E-02,2.85E-02,3.01E-02,2.83E-02,3.70E-02,3.56E-02,3.29E-02,3.74E-02,5.42E-02,9.48E-03,3.92E-02,1.73E-02,2.09E-02
13907,Mg,Te,O3,MgTeO3,4.295,0.7,0.7,0.7,2.87E-02,1.84E-02,8.50E-03,8.02E-03,2.55E-02,-7.65E-02,4.31E-02,3.92E-02,3.12E-02,4.54E-02,4.50E-02,1.94E-02,2.95E-02,2.24E-02,2.60E-02,5.00E-02,1.24E-02,2.68E-02,4.40E-02,5.49E-02,7.51E-02,5.53E-02,4.68E-02,4.00E-02,1.11E-02,9.11E-04,2.71E-02,4.62E-02,5.55E-02,3.90E-02,3.66E-02,3.70E-02,3.70E-02,3.70E-02,3.65E-02,3.75E-02,3.70E-02,3.68E-02,3.74E-02,3.67E-02,3.75E-02,3.60E-02,3.70E-02,3.42E-02,3.62E-02,3.62E-02,3.77E-02,3.64E-02,3.64E-02,3.58E-02,3.08E-02,3.68E-02,3.53E-02,3.08E-02,3.68E-02,4.20E-02,3.34E-02,3.66E-02,3.04E-02,3.61E-02,3.80E-02,9.53E-03,3.31E-02,2.85E-02,3.01E-02,2.83E-02,3.70E-02,3.56E-02,3.29E-02,3.74E-02,5.42E-02,9.48E-03,3.92E-02,1.73E-02,2.09E-02
17952,Au,Mo,N3,AuMoN3,4.12,0.9,0.5,1.1,3.39E-02,4.17E-02,9.43E-02,6.50E-02,1.84E-02,7.41E-02,4.18E-02,4.73E-02,1.79E-02,5.70E-03,9.15E-02,2.68E-02,5.72E-02,3.36E-02,3.90E-02,3.04E-02,4.83E-02,4.39E-02,3.31E-02,2.51E-02,3.79E-02,3.07E-02,3.69E-02,1.02E-02,1.37E-02,5.35E-02,5.58E-02,4.76E-02,5.55E-02,5.85E-02,4.47E-02,3.18E-02,3.24E-02,3.24E-02,4.77E-02,-1.86E-03,3.48E-02,3.93E-02,1.15E-02,4.16E-02,3.64E-03,5.83E-02,3.27E-02,8.55E-02,5.43E-02,4.42E-02,3.23E-02,3.19E-02,3.19E-02,4.67E-02,-1.53E-03,3.47E-02,3.77E-02,9.48E-03,4.16E-02,4.08E-03,5.41E-02,3.23E-02,7.60E-02,5.42E-02,4.64E-02,8.18E-03,2.90E-02,2.50E-02,3.93E-02,-1.41E-03,3.49E-02,3.80E-02,1.01E-02,4.24E-02,5.26E-03,1.54E-02,3.46E-02,4.33E-02,3.14E-02
14195,La,As,O3,LaAsO3,4.187,0.8,0.8,0.44,4.62E-02,4.98E-02,3.00E-02,4.58E-02,4.08E-02,1.66E-02,8.23E-03,2.86E-02,6.55E-03,8.46E-03,3.90E-03,2.45E-02,2.48E-02,3.36E-02,3.90E-02,2.99E-02,8.61E-03,2.48E-02,2.58E-02,3.48E-02,3.04E-02,5.16E-02,5.10E-02,3.28E-02,1.81E-02,1.94E-02,4.29E-02,4.76E-02,4.63E-02,2.93E-02,3.66E-02,3.70E-02,3.70E-02,3.70E-02,3.65E-02,3.75E-02,3.70E-02,3.68E-02,3.74E-02,3.67E-02,3.75E-02,3.60E-02,3.70E-02,3.42E-02,3.62E-02,3.62E-02,3.77E-02,3.64E-02,3.64E-02,3.58E-02,3.08E-02,3.68E-02,3.53E-02,3.08E-02,3.68E-02,4.20E-02,3.34E-02,3.66E-02,3.04E-02,3.61E-02,3.80E-02,9.53E-03,3.31E-02,2.85E-02,3.01E-02,2.83E-02,3.70E-02,3.56E-02,3.29E-02,3.74E-02,5.42E-02,9.48E-03,3.92E-02,1.73E-02,2.09E-02
13255,Li,Sn,O2F,LiSnO2F,4.127,2.2,1.4,0.64,3.03E-02,2.15E-02,2.59E-03,2.29E-03,2.35E-02,1.99E-02,6.33E-04,2.76E-02,5.79E-02,1.59E-01,2.44E-02,6.51E-03,2.21E-02,1.12E-02,1.30E-02,3.66E-02,2.83E-02,3.14E-02,4.09E-02,4.37E-02,4.78E-02,4.92E-02,3.82E-02,4.69E-02,1.25E-02,2.58E-02,1.12E-02,4.31E-02,3.70E-02,3.90E-02,3.66E-02,3.70E-02,3.70E-02,3.70E-02,3.65E-02,3.75E-02,3.70E-02,3.68E-02,3.74E-02,3.67E-02,3.75E-02,3.60E-02,3.70E-02,3.42E-02,3.62E-02,3.62E-02,3.77E-02,3.64E-02,3.64E-02,3.58E-02,3.08E-02,3.68E-02,3.53E-02,3.08E-02,3.68E-02,4.20E-02,3.34E-02,3.66E-02,3.04E-02,3.61E-02,3.61E-02,8.99E-03,3.93E-02,3.39E-02,2.85E-02,6.59E-02,3.96E-02,4.55E-02,7.59E-02,3.35E-02,5.65E-03,1.11E-02,4.53E-02,8.65E-03,1.05E-02
13554,Si,Ge,O3,SiGeO3,3.804,2.1,0.2,1.16,1.04E-02,3.50E-02,1.14E-02,9.27E-03,2.18E-02,4.45E-02,4.94E-02,4.18E-02,3.27E-03,3.12E-02,4.27E-02,1.09E-01,4.28E-02,4.48E-02,5.20E-02,2.73E-02,3.05E-02,2.29E-02,2.50E-02,3.59E-02,4.74E-02,4.86E-02,4.11E-02,1.21E-02,1.76E-02,2.32E-02,4.93E-02,4.43E-02,3.70E-02,3.90E-02,3.66E-02,3.70E-02,3.70E-02,3.70E-02,3.65E-02,3.75E-02,3.70E-02,3.68E-02,3.74E-02,3.67E-02,3.75E-02,3.60E-02,3.70E-02,3.42E-02,3.62E-02,3.62E-02,3.77E-02,3.64E-02,3.64E-02,3.58E-02,3.08E-02,3.68E-02,3.53E-02,3.08E-02,3.68E-02,4.20E-02,3.34E-02,3.66E-02,3.04E-02,3.61E-02,3.80E-02,9.53E-03,3.31E-02,2.85E-02,3.01E-02,2.83E-02,3.70E-02,3.56E-02,3.29E-02,3.74E-02,5.42E-02,9.48E-03,3.92E-02,1.73E-02,2.09E-02
1621,Sn,Ta,O2N,SnTaO2N,4.129,1.4,1.2,0.14,2.83E-02,3.83E-02,3.57E-02,3.92E-02,2.94E-02,4.03E-02,5.07E-02,3.77E-02,2.77E-02,1.01E-02,1.92E-02,1.56E-02,4.42E-02,4.48E-02,5.20E-02,3.30E-02,5.63E-02,7.16E-02,6.24E-02,2.85E-02,2.37E-02,2.95E-02,4.10E-02,1.34E-02,7.69E-03,2.23E-02,5.58E-02,3.30E-02,4.63E-02,4.88E-02,3.66E-02,3.70E-02,3.70E-02,3.70E-02,3.65E-02,3.75E-02,3.70E-02,3.68E-02,3.74E-02,3.67E-02,3.75E-02,3.60E-02,3.70E-02,3.42E-02,3.62E-02,3.62E-02,3.77E-02,3.64E-02,3.64E-02,3.58E-02,3.08E-02,3.68E-02,3.53E-02,3.08E-02,3.68E-02,4.20E-02,3.34E-02,3.66E-02,3.04E-02,3.61E-02,4.64E-02,8.18E-03,2.90E-02,2.50E-02,3.93E-02,-1.41E-03,3.49E-02,3.80E-02,1.01E-02,4.24E-02,5.26E-03,1.54E-02,3.46E-02,4.33E-02,3.14E-02
12988,K,Si,O2F,KSiO2F,3.756,3.6,2.9,0.82,6.01E-02,1.38E-02,4.20E-03,1.29E-02,8.24E-02,1.61E-02,1.90E-03,2.23E-02,1.03E-01,3.37E-02,2.96E-02,5.05E-03,1.85E-02,1.12E-02,1.30E-02,1.34E-02,2.58E-02,1.00E-02,9.68E-03,3.24E-02,5.28E-02,4.79E-02,4.24E-02,5.54E-03,3.85E-02,5.74E-02,7.78E-02,4.18E-02,3.70E-02,3.90E-02,3.66E-02,3.70E-02,3.70E-02,3.70E-02,3.65E-02,3.75E-02,3.70E-02,3.68E-02,3.74E-02,3.67E-02,3.75E-02,3.60E-02,3.70E-02,3.42E-02,3.62E-02,3.62E-02,3.77E-02,3.64E-02,3.64E-02,3.58E-02,3.08E-02,3.68E-02,3.53E-02,3.08E-02,3.68E-02,4.20E-02,3.34E-02,3.66E-02,3.04E-02,3.61E-02,3.61E-02,8.99E-03,3.93E-02,3.39E-02,2.85E-02,6.59E-02,3.96E-02,4.55E-02,7.59E-02,3.35E-02,5.65E-03,1.11E-02,4.53E-02,8.65E-03,1.05E-02
16619,Al,Os,N3,AlOsN3,3.96,1.1,0.8,1.08,2.15E-02,3.65E-02,1.32E-02,8.90E-03,1.81E-02,1.50E-02,4.62E-02,3.07E-02,2.91E-02,4.01E-02,6.84E-02,2.32E-02,3.63E-02,3.36E-02,3.90E-02,3.25E-02,5.21E-02,9.72E-02,6.56E-02,2.23E-02,4.35E-02,3.50E-02,4.52E-02,1.09E-02,7.14E-03,3.40E-02,4.54E-02,4.84E-02,7.41E-02,3.90E-02,4.47E-02,3.18E-02,3.24E-02,3.24E-02,4.77E-02,-1.86E-03,3.48E-02,3.93E-02,1.15E-02,4.16E-02,3.64E-03,5.83E-02,3.27E-02,8.55E-02,5.43E-02,4.42E-02,3.23E-02,3.19E-02,3.19E-02,4.67E-02,-1.53E-03,3.47E-02,3.77E-02,9.48E-03,4.16E-02,4.08E-03,5.41E-02,3.23E-02,7.60E-02,5.42E-02,4.64E-02,8.18E-03,2.90E-02,2.50E-02,3.93E-02,-1.41E-03,3.49E-02,3.80E-02,1.01E-02,4.24E-02,5.26E-03,1.54E-02,3.46E-02,4.33E-02,3.14E-02
15222,As,Al,O3,AsAlO3,3.685,2.6,1.7,0.86,2.31E-02,1.17E-02,2.82E-02,2.47E-02,2.34E-02,2.56E-02,5.32E-02,5.03E-02,1.94E-02,1.47E-02,1.44E-02,6.01E-02,4.87E-02,5.60E-02,3.90E-02,2.78E-02,2.69E-02,1.16E-02,9.30E-03,2.69E-02,1.78E-02,4.49E-02,3.11E-02,4.92E-02,4.94E-02,9.19E-02,1.66E-02,3.54E-02,2.78E-02,2.93E-02,3.66E-02,3.70E-02,3.70E-02,3.70E-02,3.65E-02,3.75E-02,3.70E-02,3.68E-02,3.74E-02,3.67E-02,3.75E-02,3.60E-02,3.70E-02,3.42E-02,3.62E-02,3.62E-02,3.77E-02,3.64E-02,3.64E-02,3.58E-02,3.08E-02,3.68E-02,3.53E-02,3.08E-02,3.68E-02,4.20E-02,3.34E-02,3.66E-02,3.04E-02,3.61E-02,3.80E-02,9.53E-03,3.31E-02,2.85E-02,3.01E-02,2.83E-02,3.70E-02,3.56E-02,3.29E-02,3.74E-02,5.42E-02,9.48E-03,3.92E-02,1.73E-02,2.09E-02
14038,Zn,Ti,O3,ZnTiO3,3.906,3.7,3,0.26,2.95E-02,1.57E-02,3.48E-02,2.16E-02,1.65E-02,0.00E+00,4.37E-02,4.82E-02,3.80E-02,1.73E-02,3.35E-02,1.60E-02,3.72E-02,2.24E-02,2.60E-02,3.14E-02,3.50E-02,1.95E-02,1.65E-02,2.85E-02,7.90E-03,2.64E-02,3.55E-02,1.83E-02,2.87E-02,8.49E-03,2.88E-02,3.39E-02,3.70E-02,3.90E-02,3.66E-02,3.70E-02,3.70E-02,3.70E-02,3.65E-02,3.75E-02,3.70E-02,3.68E-02,3.74E-02,3.67E-02,3.75E-02,3.60E-02,3.70E-02,3.42E-02,3.62E-02,3.62E-02,3.77E-02,3.64E-02,3.64E-02,3.58E-02,3.08E-02,3.68E-02,3.53E-02,3.08E-02,3.68E-02,4.20E-02,3.34E-02,3.66E-02,3.04E-02,3.61E-02,3.80E-02,9.53E-03,3.31E-02,2.85E-02,3.01E-02,2.83E-02,3.70E-02,3.56E-02,3.29E-02,3.74E-02,5.42E-02,9.48E-03,3.92E-02,1.73E-02,2.09E-02
1551,Sb,Ge,O2N,SbGeO2N,3.903,1.9,0.7,0.54,3.03E-02,2.48E-02,3.27E-02,4.02E-02,3.29E-02,3.36E-02,5.38E-02,4.43E-02,1.38E-02,9.21E-03,7.01E-03,4.30E-02,4.62E-02,5.60E-02,3.90E-02,2.73E-02,3.05E-02,2.29E-02,2.50E-02,3.59E-02,4.74E-02,4.86E-02,4.11E-02,1.21E-02,1.76E-02,2.32E-02,4.93E-02,4.43E-02,3.70E-02,3.90E-02,3.66E-02,3.70E-02,3.70E-02,3.70E-02,3.65E-02,3.75E-02,3.70E-02,3.68E-02,3.74E-02,3.67E-02,3.75E-02,3.60E-02,3.70E-02,3.42E-02,3.62E-02,3.62E-02,3.77E-02,3.64E-02,3.64E-02,3.58E-02,3.08E-02,3.68E-02,3.53E-02,3.08E-02,3.68E-02,4.20E-02,3.34E-02,3.66E-02,3.04E-02,3.61E-02,4.64E-02,8.18E-03,2.90E-02,2.50E-02,3.93E-02,-1.41E-03,3.49E-02,3.80E-02,1.01E-02,4.24E-02,5.26E-03,1.54E-02,3.46E-02,4.33E-02,3.14E-02
14882,Si,Zr,O3,SiZrO3,4.153,3.8,2.9,0.74,1.04E-02,3.50E-02,1.14E-02,9.27E-03,2.18E-02,4.45E-02,4.94E-02,4.18E-02,3.27E-03,3.12E-02,4.27E-02,1.09E-01,4.28E-02,4.48E-02,5.20E-02,4.33E-02,4.60E-02,2.80E-02,3.14E-02,3.75E-02,1.98E-02,2.70E-02,3.30E-02,1.21E-02,1.53E-02,8.80E-03,3.26E-02,2.93E-02,3.70E-02,3.90E-02,3.66E-02,3.70E-02,3.70E-02,3.70E-02,3.65E-02,3.75E-02,3.70E-02,3.68E-02,3.74E-02,3.67E-02,3.75E-02,3.60E-02,3.70E-02,3.42E-02,3.62E-02,3.62E-02,3.77E-02,3.64E-02,3.64E-02,3.58E-02,3.08E-02,3.68E-02,3.53E-02,3.08E-02,3.68E-02,4.20E-02,3.34E-02,3.66E-02,3.04E-02,3.61E-02,3.80E-02,9.53E-03,3.31E-02,2.85E-02,3.01E-02,2.83E-02,3.70E-02,3.56E-02,3.29E-02,3.74E-02,5.42E-02,9.48E-03,3.92E-02,1.73E-02,2.09E-02
12188,Ge,B,O2F,GeBO2F,3.643,3.8,2.4,0.98,2.11E-02,4.14E-02,2.60E-02,2.40E-02,2.42E-02,3.99E-02,5.00E-02,4.05E-02,7.17E-03,1.42E-02,1.73E-02,6.90E-02,4.53E-02,4.48E-02,5.20E-02,1.19E-02,4.20E-02,1.01E-02,3.73E-03,1.25E-02,1.07E-02,4.43E-02,2.75E-02,1.00E-02,5.64E-02,1.05E-02,3.50E-02,4.49E-02,2.78E-02,2.93E-02,3.66E-02,3.70E-02,3.70E-02,3.70E-02,3.65E-02,3.75E-02,3.70E-02,3.68E-02,3.74E-02,3.67E-02,3.75E-02,3.60E-02,3.70E-02,3.42E-02,3.62E-02,3.62E-02,3.77E-02,3.64E-02,3.64E-02,3.58E-02,3.08E-02,3.68E-02,3.53E-02,3.08E-02,3.68E-02,4.20E-02,3.34E-02,3.66E-02,3.04E-02,3.61E-02,3.61E-02,8.99E-03,3.93E-02,3.39E-02,2.85E-02,6.59E-02,3.96E-02,4.55E-02,7.59E-02,3.35E-02,5.65E-03,1.11E-02,4.53E-02,8.65E-03,1.05E-02
14063,Cd,Ti,O3,CdTiO3,3.861,2.2,1.7,0.24,3.78E-02,1.38E-02,4.23E-02,3.71E-02,2.34E-02,0.00E+00,4.43E-02,4.61E-02,3.88E-02,1.03E-02,2.79E-02,1.32E-02,3.81E-02,2.24E-02,2.60E-02,3.14E-02,3.50E-02,1.95E-02,1.65E-02,2.85E-02,7.90E-03,2.64E-02,3.55E-02,1.83E-02,2.87E-02,8.49E-03,2.88E-02,3.39E-02,3.70E-02,3.90E-02,3.66E-02,3.70E-02,3.70E-02,3.70E-02,3.65E-02,3.75E-02,3.70E-02,3.68E-02,3.74E-02,3.67E-02,3.75E-02,3.60E-02,3.70E-02,3.42E-02,3.62E-02,3.62E-02,3.77E-02,3.64E-02,3.64E-02,3.58E-02,3.08E-02,3.68E-02,3.53E-02,3.08E-02,3.68E-02,4.20E-02,3.34E-02,3.66E-02,3.04E-02,3.61E-02,3.80E-02,9.53E-03,3.31E-02,2.85E-02,3.01E-02,2.83E-02,3.70E-02,3.56E-02,3.29E-02,3.74E-02,5.42E-02,9.48E-03,3.92E-02,1.73E-02,2.09E-02
1767,Bi,Hf,O2N,BiHfO2N,4.179,1,0.3,0.74,4.10E-02,2.45E-02,4.76E-02,6.90E-02,3.85E-02,3.66E-02,5.45E-02,3.74E-02,1.69E-02,5.43E-03,2.27E-03,2.39E-02,4.55E-02,5.60E-02,3.90E-02,4.28E-02,4.79E-02,5.72E-02,6.15E-02,3.63E-02,0.00E+00,2.77E-02,3.46E-02,1.26E-02,7.69E-03,8.92E-03,3.37E-02,2.86E-02,3.70E-02,3.90E-02,3.66E-02,3.70E-02,3.70E-02,3.70E-02,3.65E-02,3.75E-02,3.70E-02,3.68E-02,3.74E-02,3.67E-02,3.75E-02,3.60E-02,3.70E-02,3.42E-02,3.62E-02,3.62E-02,3.77E-02,3.64E-02,3.64E-02,3.58E-02,3.08E-02,3.68E-02,3.53E-02,3.08E-02,3.68E-02,4.20E-02,3.34E-02,3.66E-02,3.04E-02,3.61E-02,4.64E-02,8.18E-03,2.90E-02,2.50E-02,3.93E-02,-1.41E-03,3.49E-02,3.80E-02,1.01E-02,4.24E-02,5.26E-03,1.54E-02,3.46E-02,4.33E-02,3.14E-02
9458,Na,Sb,O2S,NaSbO2S,4.392,1,0.5,0.86,4.06E-02,1.54E-02,4.74E-03,7.59E-03,4.33E-02,1.75E-02,1.27E-03,2.63E-02,8.94E-02,5.47E-02,4.07E-02,5.64E-03,2.10E-02,1.12E-02,1.30E-02,3.92E-02,1.83E-02,2.88E-02,4.20E-02,4.89E-02,3.99E-02,5.22E-02,4.49E-02,2.34E-02,1.14E-02,9.42E-03,3.07E-02,4.51E-02,4.63E-02,2.93E-02,3.66E-02,3.70E-02,3.70E-02,3.70E-02,3.65E-02,3.75E-02,3.70E-02,3.68E-02,3.74E-02,3.67E-02,3.75E-02,3.60E-02,3.70E-02,3.42E-02,3.62E-02,3.62E-02,3.77E-02,3.64E-02,3.64E-02,3.58E-02,3.08E-02,3.68E-02,3.53E-02,3.08E-02,3.68E-02,4.20E-02,3.34E-02,3.66E-02,3.04E-02,3.61E-02,7.87E-03,7.59E-02,4.80E-02,5.71E-02,4.46E-02,4.03E-02,3.75E-02,2.71E-02,2.95E-03,2.89E-02,5.45E-02,7.39E-02,2.94E-02,5.19E-02,6.27E-02
8218,Zn,Zn,O2S,ZnZnO2S,4.155,1.2,0.9,0.96,2.95E-02,1.57E-02,3.48E-02,2.16E-02,1.65E-02,0.00E+00,4.37E-02,4.82E-02,3.80E-02,1.73E-02,3.35E-02,1.60E-02,3.72E-02,2.24E-02,2.60E-02,3.81E-02,1.16E-02,3.07E-02,2.25E-02,2.44E-02,0.00E+00,4.24E-02,4.88E-02,6.43E-02,2.13E-02,4.50E-02,1.14E-02,3.63E-02,1.85E-02,1.95E-02,3.66E-02,3.70E-02,3.70E-02,3.70E-02,3.65E-02,3.75E-02,3.70E-02,3.68E-02,3.74E-02,3.67E-02,3.75E-02,3.60E-02,3.70E-02,3.42E-02,3.62E-02,3.62E-02,3.77E-02,3.64E-02,3.64E-02,3.58E-02,3.08E-02,3.68E-02,3.53E-02,3.08E-02,3.68E-02,4.20E-02,3.34E-02,3.66E-02,3.04E-02,3.61E-02,7.87E-03,7.59E-02,4.80E-02,5.71E-02,4.46E-02,4.03E-02,3.75E-02,2.71E-02,2.95E-03,2.89E-02,5.45E-02,7.39E-02,2.94E-02,5.19E-02,6.27E-02
13720,Cd,Sn,O3,CdSnO3,4.147,1.8,1.3,0.44,3.78E-02,1.38E-02,4.23E-02,3.71E-02,2.34E-02,0.00E+00,4.43E-02,4.61E-02,3.88E-02,1.03E-02,2.79E-02,1.32E-02,3.81E-02,2.24E-02,2.60E-02,3.66E-02,2.83E-02,3.14E-02,4.09E-02,4.37E-02,4.78E-02,4.92E-02,3.82E-02,4.69E-02,1.25E-02,2.58E-02,1.12E-02,4.31E-02,3.70E-02,3.90E-02,3.66E-02,3.70E-02,3.70E-02,3.70E-02,3.65E-02,3.75E-02,3.70E-02,3.68E-02,3.74E-02,3.67E-02,3.75E-02,3.60E-02,3.70E-02,3.42E-02,3.62E-02,3.62E-02,3.77E-02,3.64E-02,3.64E-02,3.58E-02,3.08E-02,3.68E-02,3.53E-02,3.08E-02,3.68E-02,4.20E-02,3.34E-02,3.66E-02,3.04E-02,3.61E-02,3.80E-02,9.53E-03,3.31E-02,2.85E-02,3.01E-02,2.83E-02,3.70E-02,3.56E-02,3.29E-02,3.74E-02,5.42E-02,9.48E-03,3.92E-02,1.73E-02,2.09E-02
8961,Ge,Si,O2S,GeSiO2S,4.086,2.2,1.3,0.94,2.11E-02,4.14E-02,2.60E-02,2.40E-02,2.42E-02,3.99E-02,5.00E-02,4.05E-02,7.17E-03,1.42E-02,1.73E-02,6.90E-02,4.53E-02,4.48E-02,5.20E-02,1.34E-02,2.58E-02,1.00E-02,9.68E-03,3.24E-02,5.28E-02,4.79E-02,4.24E-02,5.54E-03,3.85E-02,5.74E-02,7.78E-02,4.18E-02,3.70E-02,3.90E-02,3.66E-02,3.70E-02,3.70E-02,3.70E-02,3.65E-02,3.75E-02,3.70E-02,3.68E-02,3.74E-02,3.67E-02,3.75E-02,3.60E-02,3.70E-02,3.42E-02,3.62E-02,3.62E-02,3.77E-02,3.64E-02,3.64E-02,3.58E-02,3.08E-02,3.68E-02,3.53E-02,3.08E-02,3.68E-02,4.20E-02,3.34E-02,3.66E-02,3.04E-02,3.61E-02,7.87E-03,7.59E-02,4.80E-02,5.71E-02,4.46E-02,4.03E-02,3.75E-02,2.71E-02,2.95E-03,2.89E-02,5.45E-02,7.39E-02,2.94E-02,5.19E-02,6.27E-02
12602,In,Ti,O2F,InTiO2F,4.139,1.1,0.7,0.24,3.19E-02,3.13E-02,3.57E-02,3.79E-02,2.84E-02,9.65E-03,4.75E-02,2.97E-02,4.04E-02,1.04E-02,2.35E-02,7.07E-03,4.01E-02,3.36E-02,3.90E-02,3.14E-02,3.50E-02,1.95E-02,1.65E-02,2.85E-02,7.90E-03,2.64E-02,3.55E-02,1.83E-02,2.87E-02,8.49E-03,2.88E-02,3.39E-02,3.70E-02,3.90E-02,3.66E-02,3.70E-02,3.70E-02,3.70E-02,3.65E-02,3.75E-02,3.70E-02,3.68E-02,3.74E-02,3.67E-02,3.75E-02,3.60E-02,3.70E-02,3.42E-02,3.62E-02,3.62E-02,3.77E-02,3.64E-02,3.64E-02,3.58E-02,3.08E-02,3.68E-02,3.53E-02,3.08E-02,3.68E-02,4.20E-02,3.34E-02,3.66E-02,3.04E-02,3.61E-02,3.61E-02,8.99E-03,3.93E-02,3.39E-02,2.85E-02,6.59E-02,3.96E-02,4.55E-02,7.59E-02,3.35E-02,5.65E-03,1.11E-02,4.53E-02,8.65E-03,1.05E-02
12063,Ge,Ga,O2F,GeGaO2F,3.92,4.1,3.4,0.44,2.11E-02,4.14E-02,2.60E-02,2.40E-02,2.42E-02,3.99E-02,5.00E-02,4.05E-02,7.17E-03,1.42E-02,1.73E-02,6.90E-02,4.53E-02,4.48E-02,5.20E-02,3.19E-02,2.43E-02,2.54E-02,2.40E-02,3.17E-02,1.15E-02,4.55E-02,3.12E-02,4.20E-02,2.04E-02,1.57E-02,8.67E-03,3.98E-02,2.78E-02,2.93E-02,3.66E-02,3.70E-02,3.70E-02,3.70E-02,3.65E-02,3.75E-02,3.70E-02,3.68E-02,3.74E-02,3.67E-02,3.75E-02,3.60E-02,3.70E-02,3.42E-02,3.62E-02,3.62E-02,3.77E-02,3.64E-02,3.64E-02,3.58E-02,3.08E-02,3.68E-02,3.53E-02,3.08E-02,3.68E-02,4.20E-02,3.34E-02,3.66E-02,3.04E-02,3.61E-02,3.61E-02,8.99E-03,3.93E-02,3.39E-02,2.85E-02,6.59E-02,3.96E-02,4.55E-02,7.59E-02,3.35E-02,5.65E-03,1.11E-02,4.53E-02,8.65E-03,1.05E-02
15241,Be,Ge,O3,BeGeO3,3.696,4.6,3.6,1.38,1.79E-02,4.32E-02,9.04E-03,2.97E-03,8.83E-03,-7.99E-02,4.24E-02,4.78E-02,1.42E-02,8.12E-02,5.77E-02,2.54E-02,3.54E-02,2.24E-02,2.60E-02,2.73E-02,3.05E-02,2.29E-02,2.50E-02,3.59E-02,4.74E-02,4.86E-02,4.11E-02,1.21E-02,1.76E-02,2.32E-02,4.93E-02,4.43E-02,3.70E-02,3.90E-02,3.66E-02,3.70E-02,3.70E-02,3.70E-02,3.65E-02,3.75E-02,3.70E-02,3.68E-02,3.74E-02,3.67E-02,3.75E-02,3.60E-02,3.70E-02,3.42E-02,3.62E-02,3.62E-02,3.77E-02,3.64E-02,3.64E-02,3.58E-02,3.08E-02,3.68E-02,3.53E-02,3.08E-02,3.68E-02,4.20E-02,3.34E-02,3.66E-02,3.04E-02,3.61E-02,3.80E-02,9.53E-03,3.31E-02,2.85E-02,3.01E-02,2.83E-02,3.70E-02,3.56E-02,3.29E-02,3.74E-02,5.42E-02,9.48E-03,3.92E-02,1.73E-02,2.09E-02
4669,Y,In,OFN,YInOFN,4.232,2,1.3,1.14,4.06E-02,4.81E-02,2.18E-02,2.93E-02,3.59E-02,0.00E+00,7.60E-03,3.27E-02,1.42E-02,1.34E-02,4.96E-03,3.72E-02,2.75E-02,3.36E-02,3.90E-02,4.12E-02,2.31E-02,3.14E-02,3.96E-02,4.22E-02,1.15E-02,4.61E-02,3.01E-02,6.84E-02,1.28E-02,3.16E-02,5.05E-03,3.92E-02,2.78E-02,2.93E-02,3.66E-02,3.70E-02,3.70E-02,3.70E-02,3.65E-02,3.75E-02,3.70E-02,3.68E-02,3.74E-02,3.67E-02,3.75E-02,3.60E-02,3.70E-02,3.42E-02,3.62E-02,3.43E-02,3.55E-02,4.32E-02,4.33E-02,3.39E-02,7.17E-02,3.93E-02,4.51E-02,7.11E-02,3.29E-02,4.38E-03,3.91E-02,4.23E-02,1.52E-02,1.81E-02,4.64E-02,8.18E-03,2.90E-02,2.50E-02,3.93E-02,-1.41E-03,3.49E-02,3.80E-02,1.01E-02,4.24E-02,5.26E-03,1.54E-02,3.46E-02,4.33E-02,3.14E-02
16412,Zr,Sb,N3,ZrSbN3,3.963,0.7,0.7,1.32,3.35E-02,6.23E-02,3.18E-02,3.01E-02,2.53E-02,1.66E-02,2.79E-02,3.25E-02,7.17E-03,1.24E-02,6.55E-03,4.55E-02,3.00E-02,4.48E-02,5.20E-02,3.92E-02,1.83E-02,2.88E-02,4.20E-02,4.89E-02,3.99E-02,5.22E-02,4.49E-02,2.34E-02,1.14E-02,9.42E-03,3.07E-02,4.51E-02,4.63E-02,2.93E-02,4.47E-02,3.18E-02,3.24E-02,3.24E-02,4.77E-02,-1.86E-03,3.48E-02,3.93E-02,1.15E-02,4.16E-02,3.64E-03,5.83E-02,3.27E-02,8.55E-02,5.43E-02,4.42E-02,3.23E-02,3.19E-02,3.19E-02,4.67E-02,-1.53E-03,3.47E-02,3.77E-02,9.48E-03,4.16E-02,4.08E-03,5.41E-02,3.23E-02,7.60E-02,5.42E-02,4.64E-02,8.18E-03,2.90E-02,2.50E-02,3.93E-02,-1.41E-03,3.49E-02,3.80E-02,1.01E-02,4.24E-02,5.26E-03,1.54E-02,3.46E-02,4.33E-02,3.14E-02
12050,Zn,Al,O2F,ZnAlO2F,3.796,1.5,0.8,0.5,2.95E-02,1.57E-02,3.48E-02,2.16E-02,1.65E-02,0.00E+00,4.37E-02,4.82E-02,3.80E-02,1.73E-02,3.35E-02,1.60E-02,3.72E-02,2.24E-02,2.60E-02,2.78E-02,2.69E-02,1.16E-02,9.30E-03,2.69E-02,1.78E-02,4.49E-02,3.11E-02,4.92E-02,4.94E-02,9.19E-02,1.66E-02,3.54E-02,2.78E-02,2.93E-02,3.66E-02,3.70E-02,3.70E-02,3.70E-02,3.65E-02,3.75E-02,3.70E-02,3.68E-02,3.74E-02,3.67E-02,3.75E-02,3.60E-02,3.70E-02,3.42E-02,3.62E-02,3.62E-02,3.77E-02,3.64E-02,3.64E-02,3.58E-02,3.08E-02,3.68E-02,3.53E-02,3.08E-02,3.68E-02,4.20E-02,3.34E-02,3.66E-02,3.04E-02,3.61E-02,3.61E-02,8.99E-03,3.93E-02,3.39E-02,2.85E-02,6.59E-02,3.96E-02,4.55E-02,7.59E-02,3.35E-02,5.65E-03,1.11E-02,4.53E-02,8.65E-03,1.05E-02
3901,Zr,Be,OFN,ZrBeOFN,3.617,2.1,1.2,0.8,3.35E-02,6.23E-02,3.18E-02,3.01E-02,2.53E-02,1.66E-02,2.79E-02,3.25E-02,7.17E-03,1.24E-02,6.55E-03,4.55E-02,3.00E-02,4.48E-02,5.20E-02,2.32E-02,3.19E-02,7.95E-03,3.11E-03,1.31E-02,-9.48E-02,4.12E-02,4.85E-02,2.41E-02,1.00E-01,7.75E-02,1.82E-02,3.46E-02,1.85E-02,1.95E-02,3.66E-02,3.70E-02,3.70E-02,3.70E-02,3.65E-02,3.75E-02,3.70E-02,3.68E-02,3.74E-02,3.67E-02,3.75E-02,3.60E-02,3.70E-02,3.42E-02,3.62E-02,3.43E-02,3.55E-02,4.32E-02,4.33E-02,3.39E-02,7.17E-02,3.93E-02,4.51E-02,7.11E-02,3.29E-02,4.38E-03,3.91E-02,4.23E-02,1.52E-02,1.81E-02,4.64E-02,8.18E-03,2.90E-02,2.50E-02,3.93E-02,-1.41E-03,3.49E-02,3.80E-02,1.01E-02,4.24E-02,5.26E-03,1.54E-02,3.46E-02,4.33E-02,3.14E-02
14809,Ba,Ti,O3,BaTiO3,4.026,4,4,-0.26,5.66E-02,2.77E-02,1.75E-02,4.53E-02,6.85E-02,-1.73E-02,5.70E-03,2.67E-02,2.59E-02,9.08E-03,5.31E-03,1.74E-02,2.01E-02,2.24E-02,2.60E-02,3.14E-02,3.50E-02,1.95E-02,1.65E-02,2.85E-02,7.90E-03,2.64E-02,3.55E-02,1.83E-02,2.87E-02,8.49E-03,2.88E-02,3.39E-02,3.70E-02,3.90E-02,3.66E-02,3.70E-02,3.70E-02,3.70E-02,3.65E-02,3.75E-02,3.70E-02,3.68E-02,3.74E-02,3.67E-02,3.75E-02,3.60E-02,3.70E-02,3.42E-02,3.62E-02,3.62E-02,3.77E-02,3.64E-02,3.64E-02,3.58E-02,3.08E-02,3.68E-02,3.53E-02,3.08E-02,3.68E-02,4.20E-02,3.34E-02,3.66E-02,3.04E-02,3.61E-02,3.80E-02,9.53E-03,3.31E-02,2.85E-02,3.01E-02,2.83E-02,3.70E-02,3.56E-02,3.29E-02,3.74E-02,5.42E-02,9.48E-03,3.92E-02,1.73E-02,2.09E-02
6295,Zr,Si,ON2,ZrSiON2,3.662,3.4,3,0.5,3.35E-02,6.23E-02,3.18E-02,3.01E-02,2.53E-02,1.66E-02,2.79E-02,3.25E-02,7.17E-03,1.24E-02,6.55E-03,4.55E-02,3.00E-02,4.48E-02,5.20E-02,1.34E-02,2.58E-02,1.00E-02,9.68E-03,3.24E-02,5.28E-02,4.79E-02,4.24E-02,5.54E-03,3.85E-02,5.74E-02,7.78E-02,4.18E-02,3.70E-02,3.90E-02,3.66E-02,3.70E-02,3.70E-02,3.70E-02,3.65E-02,3.75E-02,3.70E-02,3.68E-02,3.74E-02,3.67E-02,3.75E-02,3.60E-02,3.70E-02,3.42E-02,3.62E-02,4.42E-02,3.23E-02,3.19E-02,3.19E-02,4.67E-02,-1.53E-03,3.47E-02,3.77E-02,9.48E-03,4.16E-02,4.08E-03,5.41E-02,3.23E-02,7.60E-02,5.42E-02,4.64E-02,8.18E-03,2.90E-02,2.50E-02,3.93E-02,-1.41E-03,3.49E-02,3.80E-02,1.01E-02,4.24E-02,5.26E-03,1.54E-02,3.46E-02,4.33E-02,3.14E-02
8869,Al,Li,O2S,AlLiO2S,3.876,2.7,2.4,1.26,2.15E-02,3.65E-02,1.32E-02,8.90E-03,1.81E-02,1.50E-02,4.62E-02,3.07E-02,2.91E-02,4.01E-02,6.84E-02,2.32E-02,3.63E-02,3.36E-02,3.90E-02,3.92E-02,1.59E-02,2.28E-03,2.39E-03,3.50E-02,2.36E-02,6.15E-04,2.80E-02,9.80E-02,1.97E-01,3.28E-02,4.65E-03,2.16E-02,9.26E-03,9.76E-03,3.66E-02,3.70E-02,3.70E-02,3.70E-02,3.65E-02,3.75E-02,3.70E-02,3.68E-02,3.74E-02,3.67E-02,3.75E-02,3.60E-02,3.70E-02,3.42E-02,3.62E-02,3.62E-02,3.77E-02,3.64E-02,3.64E-02,3.58E-02,3.08E-02,3.68E-02,3.53E-02,3.08E-02,3.68E-02,4.20E-02,3.34E-02,3.66E-02,3.04E-02,3.61E-02,7.87E-03,7.59E-02,4.80E-02,5.71E-02,4.46E-02,4.03E-02,3.75E-02,2.71E-02,2.95E-03,2.89E-02,5.45E-02,7.39E-02,2.94E-02,5.19E-02,6.27E-02
14033,Ti,Be,O3,TiBeO3,3.48,2.4,1.8,0.82,2.43E-02,4.74E-02,2.22E-02,1.58E-02,1.92E-02,6.66E-03,2.72E-02,3.50E-02,1.08E-02,2.33E-02,6.32E-03,4.03E-02,3.47E-02,4.48E-02,5.20E-02,2.32E-02,3.19E-02,7.95E-03,3.11E-03,1.31E-02,-9.48E-02,4.12E-02,4.85E-02,2.41E-02,1.00E-01,7.75E-02,1.82E-02,3.46E-02,1.85E-02,1.95E-02,3.66E-02,3.70E-02,3.70E-02,3.70E-02,3.65E-02,3.75E-02,3.70E-02,3.68E-02,3.74E-02,3.67E-02,3.75E-02,3.60E-02,3.70E-02,3.42E-02,3.62E-02,3.62E-02,3.77E-02,3.64E-02,3.64E-02,3.58E-02,3.08E-02,3.68E-02,3.53E-02,3.08E-02,3.68E-02,4.20E-02,3.34E-02,3.66E-02,3.04E-02,3.61E-02,3.80E-02,9.53E-03,3.31E-02,2.85E-02,3.01E-02,2.83E-02,3.70E-02,3.56E-02,3.29E-02,3.74E-02,5.42E-02,9.48E-03,3.92E-02,1.73E-02,2.09E-02
15238,Sb,Ga,O3,SbGaO3,3.954,3.1,2.5,0.34,3.03E-02,2.48E-02,3.27E-02,4.02E-02,3.29E-02,3.36E-02,5.38E-02,4.43E-02,1.38E-02,9.21E-03,7.01E-03,4.30E-02,4.62E-02,5.60E-02,3.90E-02,3.19E-02,2.43E-02,2.54E-02,2.40E-02,3.17E-02,1.15E-02,4.55E-02,3.12E-02,4.20E-02,2.04E-02,1.57E-02,8.67E-03,3.98E-02,2.78E-02,2.93E-02,3.66E-02,3.70E-02,3.70E-02,3.70E-02,3.65E-02,3.75E-02,3.70E-02,3.68E-02,3.74E-02,3.67E-02,3.75E-02,3.60E-02,3.70E-02,3.42E-02,3.62E-02,3.62E-02,3.77E-02,3.64E-02,3.64E-02,3.58E-02,3.08E-02,3.68E-02,3.53E-02,3.08E-02,3.68E-02,4.20E-02,3.34E-02,3.66E-02,3.04E-02,3.61E-02,3.80E-02,9.53E-03,3.31E-02,2.85E-02,3.01E-02,2.83E-02,3.70E-02,3.56E-02,3.29E-02,3.74E-02,5.42E-02,9.48E-03,3.92E-02,1.73E-02,2.09E-02
4632,La,B,OFN,LaBOFN,3.818,0.7,0.3,0.98,4.62E-02,4.98E-02,3.00E-02,4.58E-02,4.08E-02,1.66E-02,8.23E-03,2.86E-02,6.55E-03,8.46E-03,3.90E-03,2.45E-02,2.48E-02,3.36E-02,3.90E-02,1.19E-02,4.20E-02,1.01E-02,3.73E-03,1.25E-02,1.07E-02,4.43E-02,2.75E-02,1.00E-02,5.64E-02,1.05E-02,3.50E-02,4.49E-02,2.78E-02,2.93E-02,3.66E-02,3.70E-02,3.70E-02,3.70E-02,3.65E-02,3.75E-02,3.70E-02,3.68E-02,3.74E-02,3.67E-02,3.75E-02,3.60E-02,3.70E-02,3.42E-02,3.62E-02,3.43E-02,3.55E-02,4.32E-02,4.33E-02,3.39E-02,7.17E-02,3.93E-02,4.51E-02,7.11E-02,3.29E-02,4.38E-03,3.91E-02,4.23E-02,1.52E-02,1.81E-02,4.64E-02,8.18E-03,2.90E-02,2.50E-02,3.93E-02,-1.41E-03,3.49E-02,3.80E-02,1.01E-02,4.24E-02,5.26E-03,1.54E-02,3.46E-02,4.33E-02,3.14E-02
12082,Na,Hf,O2F,NaHfO2F,4.179,6.5,5.9,0.3,4.06E-02,1.54E-02,4.74E-03,7.59E-03,4.33E-02,1.75E-02,1.27E-03,2.63E-02,8.94E-02,5.47E-02,4.07E-02,5.64E-03,2.10E-02,1.12E-02,1.30E-02,4.28E-02,4.79E-02,5.72E-02,6.15E-02,3.63E-02,0.00E+00,2.77E-02,3.46E-02,1.26E-02,7.69E-03,8.92E-03,3.37E-02,2.86E-02,3.70E-02,3.90E-02,3.66E-02,3.70E-02,3.70E-02,3.70E-02,3.65E-02,3.75E-02,3.70E-02,3.68E-02,3.74E-02,3.67E-02,3.75E-02,3.60E-02,3.70E-02,3.42E-02,3.62E-02,3.62E-02,3.77E-02,3.64E-02,3.64E-02,3.58E-02,3.08E-02,3.68E-02,3.53E-02,3.08E-02,3.68E-02,4.20E-02,3.34E-02,3.66E-02,3.04E-02,3.61E-02,3.61E-02,8.99E-03,3.93E-02,3.39E-02,2.85E-02,6.59E-02,3.96E-02,4.55E-02,7.59E-02,3.35E-02,5.65E-03,1.11E-02,4.53E-02,8.65E-03,1.05E-02
12768,Na,Zr,O2F,NaZrO2F,4.207,6.1,5.5,0.28,4.06E-02,1.54E-02,4.74E-03,7.59E-03,4.33E-02,1.75E-02,1.27E-03,2.63E-02,8.94E-02,5.47E-02,4.07E-02,5.64E-03,2.10E-02,1.12E-02,1.30E-02,4.33E-02,4.60E-02,2.80E-02,3.14E-02,3.75E-02,1.98E-02,2.70E-02,3.30E-02,1.21E-02,1.53E-02,8.80E-03,3.26E-02,2.93E-02,3.70E-02,3.90E-02,3.66E-02,3.70E-02,3.70E-02,3.70E-02,3.65E-02,3.75E-02,3.70E-02,3.68E-02,3.74E-02,3.67E-02,3.75E-02,3.60E-02,3.70E-02,3.42E-02,3.62E-02,3.62E-02,3.77E-02,3.64E-02,3.64E-02,3.58E-02,3.08E-02,3.68E-02,3.53E-02,3.08E-02,3.68E-02,4.20E-02,3.34E-02,3.66E-02,3.04E-02,3.61E-02,3.61E-02,8.99E-03,3.93E-02,3.39E-02,2.85E-02,6.59E-02,3.96E-02,4.55E-02,7.59E-02,3.35E-02,5.65E-03,1.11E-02,4.53E-02,8.65E-03,1.05E-02
10885,Pb,In,O2F,PbInO2F,4.311,4.2,3.5,0.32,4.74E-02,2.69E-02,5.54E-02,6.84E-02,3.30E-02,3.66E-02,5.13E-02,3.80E-02,3.63E-02,5.74E-03,1.02E-02,1.03E-02,5.25E-02,4.48E-02,2.60E-02,4.12E-02,2.31E-02,3.14E-02,3.96E-02,4.22E-02,1.15E-02,4.61E-02,3.01E-02,6.84E-02,1.28E-02,3.16E-02,5.05E-03,3.92E-02,2.78E-02,2.93E-02,3.66E-02,3.70E-02,3.70E-02,3.70E-02,3.65E-02,3.75E-02,3.70E-02,3.68E-02,3.74E-02,3.67E-02,3.75E-02,3.60E-02,3.70E-02,3.42E-02,3.62E-02,3.62E-02,3.77E-02,3.64E-02,3.64E-02,3.58E-02,3.08E-02,3.68E-02,3.53E-02,3.08E-02,3.68E-02,4.20E-02,3.34E-02,3.66E-02,3.04E-02,3.61E-02,3.61E-02,8.99E-03,3.93E-02,3.39E-02,2.85E-02,6.59E-02,3.96E-02,4.55E-02,7.59E-02,3.35E-02,5.65E-03,1.11E-02,4.53E-02,8.65E-03,1.05E-02
13188,Ba,Al,O2F,BaAlO2F,3.965,6.9,6.5,0.2,5.66E-02,2.77E-02,1.75E-02,4.53E-02,6.85E-02,-1.73E-02,5.70E-03,2.67E-02,2.59E-02,9.08E-03,5.31E-03,1.74E-02,2.01E-02,2.24E-02,2.60E-02,2.78E-02,2.69E-02,1.16E-02,9.30E-03,2.69E-02,1.78E-02,4.49E-02,3.11E-02,4.92E-02,4.94E-02,9.19E-02,1.66E-02,3.54E-02,2.78E-02,2.93E-02,3.66E-02,3.70E-02,3.70E-02,3.70E-02,3.65E-02,3.75E-02,3.70E-02,3.68E-02,3.74E-02,3.67E-02,3.75E-02,3.60E-02,3.70E-02,3.42E-02,3.62E-02,3.62E-02,3.77E-02,3.64E-02,3.64E-02,3.58E-02,3.08E-02,3.68E-02,3.53E-02,3.08E-02,3.68E-02,4.20E-02,3.34E-02,3.66E-02,3.04E-02,3.61E-02,3.61E-02,8.99E-03,3.93E-02,3.39E-02,2.85E-02,6.59E-02,3.96E-02,4.55E-02,7.59E-02,3.35E-02,5.65E-03,1.11E-02,4.53E-02,8.65E-03,1.05E-02
8879,Ca,Pb,O2S,CaPbO2S,4.634,0.7,0.3,1,3.98E-02,2.34E-02,7.57E-03,1.32E-02,4.81E-02,-5.19E-02,4.43E-03,3.13E-02,2.81E-02,2.88E-02,5.77E-02,1.85E-02,2.25E-02,2.24E-02,2.60E-02,6.13E-02,1.99E-02,4.88E-02,7.14E-02,4.90E-02,4.35E-02,4.98E-02,3.86E-02,6.13E-02,7.09E-03,1.37E-02,7.40E-03,5.13E-02,3.70E-02,1.95E-02,3.66E-02,3.70E-02,3.70E-02,3.70E-02,3.65E-02,3.75E-02,3.70E-02,3.68E-02,3.74E-02,3.67E-02,3.75E-02,3.60E-02,3.70E-02,3.42E-02,3.62E-02,3.62E-02,3.77E-02,3.64E-02,3.64E-02,3.58E-02,3.08E-02,3.68E-02,3.53E-02,3.08E-02,3.68E-02,4.20E-02,3.34E-02,3.66E-02,3.04E-02,3.61E-02,7.87E-03,7.59E-02,4.80E-02,5.71E-02,4.46E-02,4.03E-02,3.75E-02,2.71E-02,2.95E-03,2.89E-02,5.45E-02,7.39E-02,2.94E-02,5.19E-02,6.27E-02
15108,Sc,Y,O3,ScYO3,4.267,2,2,1.3,2.99E-02,4.14E-02,1.46E-02,1.48E-02,2.71E-02,6.02E-03,6.97E-03,3.35E-02,1.26E-02,2.53E-02,4.56E-03,3.49E-02,3.07E-02,3.36E-02,3.90E-02,5.26E-02,3.55E-02,1.92E-02,3.06E-02,5.32E-02,0.00E+00,7.38E-03,3.32E-02,2.41E-02,1.65E-02,6.67E-03,2.66E-02,2.69E-02,2.78E-02,2.93E-02,3.66E-02,3.70E-02,3.70E-02,3.70E-02,3.65E-02,3.75E-02,3.70E-02,3.68E-02,3.74E-02,3.67E-02,3.75E-02,3.60E-02,3.70E-02,3.42E-02,3.62E-02,3.62E-02,3.77E-02,3.64E-02,3.64E-02,3.58E-02,3.08E-02,3.68E-02,3.53E-02,3.08E-02,3.68E-02,4.20E-02,3.34E-02,3.66E-02,3.04E-02,3.61E-02,3.80E-02,9.53E-03,3.31E-02,2.85E-02,3.01E-02,2.83E-02,3.70E-02,3.56E-02,3.29E-02,3.74E-02,5.42E-02,9.48E-03,3.92E-02,1.73E-02,2.09E-02
12704,Cd,Al,O2F,CdAlO2F,3.826,1.6,0.7,0.32,3.78E-02,1.38E-02,4.23E-02,3.71E-02,2.34E-02,0.00E+00,4.43E-02,4.61E-02,3.88E-02,1.03E-02,2.79E-02,1.32E-02,3.81E-02,2.24E-02,2.60E-02,2.78E-02,2.69E-02,1.16E-02,9.30E-03,2.69E-02,1.78E-02,4.49E-02,3.11E-02,4.92E-02,4.94E-02,9.19E-02,1.66E-02,3.54E-02,2.78E-02,2.93E-02,3.66E-02,3.70E-02,3.70E-02,3.70E-02,3.65E-02,3.75E-02,3.70E-02,3.68E-02,3.74E-02,3.67E-02,3.75E-02,3.60E-02,3.70E-02,3.42E-02,3.62E-02,3.62E-02,3.77E-02,3.64E-02,3.64E-02,3.58E-02,3.08E-02,3.68E-02,3.53E-02,3.08E-02,3.68E-02,4.20E-02,3.34E-02,3.66E-02,3.04E-02,3.61E-02,3.61E-02,8.99E-03,3.93E-02,3.39E-02,2.85E-02,6.59E-02,3.96E-02,4.55E-02,7.59E-02,3.35E-02,5.65E-03,1.11E-02,4.53E-02,8.65E-03,1.05E-02
16030,In,Nb,O3,InNbO3,4.146,1.3,1.3,0.06,3.19E-02,3.13E-02,3.57E-02,3.79E-02,2.84E-02,9.65E-03,4.75E-02,2.97E-02,4.04E-02,1.04E-02,2.35E-02,7.07E-03,4.01E-02,3.36E-02,3.90E-02,3.30E-02,4.93E-02,3.68E-02,3.20E-02,2.93E-02,3.79E-02,2.89E-02,3.58E-02,1.55E-02,1.46E-02,2.08E-02,4.17E-02,3.52E-02,4.63E-02,4.88E-02,3.66E-02,3.70E-02,3.70E-02,3.70E-02,3.65E-02,3.75E-02,3.70E-02,3.68E-02,3.74E-02,3.67E-02,3.75E-02,3.60E-02,3.70E-02,3.42E-02,3.62E-02,3.62E-02,3.77E-02,3.64E-02,3.64E-02,3.58E-02,3.08E-02,3.68E-02,3.53E-02,3.08E-02,3.68E-02,4.20E-02,3.34E-02,3.66E-02,3.04E-02,3.61E-02,3.80E-02,9.53E-03,3.31E-02,2.85E-02,3.01E-02,2.83E-02,3.70E-02,3.56E-02,3.29E-02,3.74E-02,5.42E-02,9.48E-03,3.92E-02,1.73E-02,2.09E-02
3531,Li,Nb,OFN,LiNbOFN,4.144,1.5,1,0.5,3.03E-02,2.15E-02,2.59E-03,2.29E-03,2.35E-02,1.99E-02,6.33E-04,2.76E-02,5.79E-02,1.59E-01,2.44E-02,6.51E-03,2.21E-02,1.12E-02,1.30E-02,3.30E-02,4.93E-02,3.68E-02,3.20E-02,2.93E-02,3.79E-02,2.89E-02,3.58E-02,1.55E-02,1.46E-02,2.08E-02,4.17E-02,3.52E-02,4.63E-02,4.88E-02,3.66E-02,3.70E-02,3.70E-02,3.70E-02,3.65E-02,3.75E-02,3.70E-02,3.68E-02,3.74E-02,3.67E-02,3.75E-02,3.60E-02,3.70E-02,3.42E-02,3.62E-02,3.43E-02,3.55E-02,4.32E-02,4.33E-02,3.39E-02,7.17E-02,3.93E-02,4.51E-02,7.11E-02,3.29E-02,4.38E-03,3.91E-02,4.23E-02,1.52E-02,1.81E-02,4.64E-02,8.18E-03,2.90E-02,2.50E-02,3.93E-02,-1.41E-03,3.49E-02,3.80E-02,1.01E-02,4.24E-02,5.26E-03,1.54E-02,3.46E-02,4.33E-02,3.14E-02
10985,Al,Zr,O2F,AlZrO2F,4.244,3.3,2.7,0.8,2.15E-02,3.65E-02,1.32E-02,8.90E-03,1.81E-02,1.50E-02,4.62E-02,3.07E-02,2.91E-02,4.01E-02,6.84E-02,2.32E-02,3.63E-02,3.36E-02,3.90E-02,4.33E-02,4.60E-02,2.80E-02,3.14E-02,3.75E-02,1.98E-02,2.70E-02,3.30E-02,1.21E-02,1.53E-02,8.80E-03,3.26E-02,2.93E-02,3.70E-02,3.90E-02,3.66E-02,3.70E-02,3.70E-02,3.70E-02,3.65E-02,3.75E-02,3.70E-02,3.68E-02,3.74E-02,3.67E-02,3.75E-02,3.60E-02,3.70E-02,3.42E-02,3.62E-02,3.62E-02,3.77E-02,3.64E-02,3.64E-02,3.58E-02,3.08E-02,3.68E-02,3.53E-02,3.08E-02,3.68E-02,4.20E-02,3.34E-02,3.66E-02,3.04E-02,3.61E-02,3.61E-02,8.99E-03,3.93E-02,3.39E-02,2.85E-02,6.59E-02,3.96E-02,4.55E-02,7.59E-02,3.35E-02,5.65E-03,1.11E-02,4.53E-02,8.65E-03,1.05E-02
3808,Cu,Ta,OFN,CuTaOFN,4.118,2.3,1.6,0.32,2.91E-02,3.78E-02,4.38E-02,2.09E-02,1.29E-02,3.94E-02,4.05E-02,3.96E-02,2.08E-02,1.71E-02,1.16E-01,2.85E-02,4.28E-02,2.24E-02,2.60E-02,3.30E-02,5.63E-02,7.16E-02,6.24E-02,2.85E-02,2.37E-02,2.95E-02,4.10E-02,1.34E-02,7.69E-03,2.23E-02,5.58E-02,3.30E-02,4.63E-02,4.88E-02,3.66E-02,3.70E-02,3.70E-02,3.70E-02,3.65E-02,3.75E-02,3.70E-02,3.68E-02,3.74E-02,3.67E-02,3.75E-02,3.60E-02,3.70E-02,3.42E-02,3.62E-02,3.43E-02,3.55E-02,4.32E-02,4.33E-02,3.39E-02,7.17E-02,3.93E-02,4.51E-02,7.11E-02,3.29E-02,4.38E-03,3.91E-02,4.23E-02,1.52E-02,1.81E-02,4.64E-02,8.18E-03,2.90E-02,2.50E-02,3.93E-02,-1.41E-03,3.49E-02,3.80E-02,1.01E-02,4.24E-02,5.26E-03,1.54E-02,3.46E-02,4.33E-02,3.14E-02
4742,As,V,OFN,AsVOFN,3.984,0.2,0.2,0.96,2.31E-02,1.17E-02,2.82E-02,2.47E-02,2.34E-02,2.56E-02,5.32E-02,5.03E-02,1.94E-02,1.47E-02,1.44E-02,6.01E-02,4.87E-02,5.60E-02,3.90E-02,2.78E-02,3.59E-02,2.63E-02,1.76E-02,2.23E-02,1.98E-02,2.83E-02,3.50E-02,1.79E-02,2.69E-02,1.19E-02,3.53E-02,3.59E-02,4.63E-02,4.88E-02,3.66E-02,3.70E-02,3.70E-02,3.70E-02,3.65E-02,3.75E-02,3.70E-02,3.68E-02,3.74E-02,3.67E-02,3.75E-02,3.60E-02,3.70E-02,3.42E-02,3.62E-02,3.43E-02,3.55E-02,4.32E-02,4.33E-02,3.39E-02,7.17E-02,3.93E-02,4.51E-02,7.11E-02,3.29E-02,4.38E-03,3.91E-02,4.23E-02,1.52E-02,1.81E-02,4.64E-02,8.18E-03,2.90E-02,2.50E-02,3.93E-02,-1.41E-03,3.49E-02,3.80E-02,1.01E-02,4.24E-02,5.26E-03,1.54E-02,3.46E-02,4.33E-02,3.14E-02
13802,B,Ta,O3,BTaO3,4.01,4.3,4.3,1.06,9.16E-03,5.69E-02,1.14E-02,3.57E-03,8.39E-03,8.98E-03,4.56E-02,2.72E-02,5.92E-03,4.57E-02,7.79E-03,4.90E-02,4.60E-02,3.36E-02,3.90E-02,3.30E-02,5.63E-02,7.16E-02,6.24E-02,2.85E-02,2.37E-02,2.95E-02,4.10E-02,1.34E-02,7.69E-03,2.23E-02,5.58E-02,3.30E-02,4.63E-02,4.88E-02,3.66E-02,3.70E-02,3.70E-02,3.70E-02,3.65E-02,3.75E-02,3.70E-02,3.68E-02,3.74E-02,3.67E-02,3.75E-02,3.60E-02,3.70E-02,3.42E-02,3.62E-02,3.62E-02,3.77E-02,3.64E-02,3.64E-02,3.58E-02,3.08E-02,3.68E-02,3.53E-02,3.08E-02,3.68E-02,4.20E-02,3.34E-02,3.66E-02,3.04E-02,3.61E-02,3.80E-02,9.53E-03,3.31E-02,2.85E-02,3.01E-02,2.83E-02,3.70E-02,3.56E-02,3.29E-02,3.74E-02,5.42E-02,9.48E-03,3.92E-02,1.73E-02,2.09E-02
10107,K,Nb,O2S,KNbO2S,4.497,1.9,1.3,0.48,6.01E-02,1.38E-02,4.20E-03,1.29E-02,8.24E-02,1.61E-02,1.90E-03,2.23E-02,1.03E-01,3.37E-02,2.96E-02,5.05E-03,1.85E-02,1.12E-02,1.30E-02,3.30E-02,4.93E-02,3.68E-02,3.20E-02,2.93E-02,3.79E-02,2.89E-02,3.58E-02,1.55E-02,1.46E-02,2.08E-02,4.17E-02,3.52E-02,4.63E-02,4.88E-02,3.66E-02,3.70E-02,3.70E-02,3.70E-02,3.65E-02,3.75E-02,3.70E-02,3.68E-02,3.74E-02,3.67E-02,3.75E-02,3.60E-02,3.70E-02,3.42E-02,3.62E-02,3.62E-02,3.77E-02,3.64E-02,3.64E-02,3.58E-02,3.08E-02,3.68E-02,3.53E-02,3.08E-02,3.68E-02,4.20E-02,3.34E-02,3.66E-02,3.04E-02,3.61E-02,7.87E-03,7.59E-02,4.80E-02,5.71E-02,4.46E-02,4.03E-02,3.75E-02,2.71E-02,2.95E-03,2.89E-02,5.45E-02,7.39E-02,2.94E-02,5.19E-02,6.27E-02
4841,La,Y,OFN,LaYOFN,4.459,3,2.7,0.44,4.62E-02,4.98E-02,3.00E-02,4.58E-02,4.08E-02,1.66E-02,8.23E-03,2.86E-02,6.55E-03,8.46E-03,3.90E-03,2.45E-02,2.48E-02,3.36E-02,3.90E-02,5.26E-02,3.55E-02,1.92E-02,3.06E-02,5.32E-02,0.00E+00,7.38E-03,3.32E-02,2.41E-02,1.65E-02,6.67E-03,2.66E-02,2.69E-02,2.78E-02,2.93E-02,3.66E-02,3.70E-02,3.70E-02,3.70E-02,3.65E-02,3.75E-02,3.70E-02,3.68E-02,3.74E-02,3.67E-02,3.75E-02,3.60E-02,3.70E-02,3.42E-02,3.62E-02,3.43E-02,3.55E-02,4.32E-02,4.33E-02,3.39E-02,7.17E-02,3.93E-02,4.51E-02,7.11E-02,3.29E-02,4.38E-03,3.91E-02,4.23E-02,1.52E-02,1.81E-02,4.64E-02,8.18E-03,2.90E-02,2.50E-02,3.93E-02,-1.41E-03,3.49E-02,3.80E-02,1.01E-02,4.24E-02,5.26E-03,1.54E-02,3.46E-02,4.33E-02,3.14E-02
12428,Hf,Na,O2F,HfNaO2F,3.937,1.2,1.2,2.16,3.31E-02,6.49E-02,6.50E-02,5.89E-02,2.44E-02,0.00E+00,2.85E-02,3.41E-02,7.43E-03,6.23E-03,6.64E-03,4.72E-02,2.93E-02,4.48E-02,5.20E-02,5.26E-02,1.14E-02,4.17E-03,7.93E-03,6.43E-02,2.08E-02,1.23E-03,2.67E-02,1.51E-01,6.76E-02,5.47E-02,4.03E-03,2.05E-02,9.26E-03,9.76E-03,3.66E-02,3.70E-02,3.70E-02,3.70E-02,3.65E-02,3.75E-02,3.70E-02,3.68E-02,3.74E-02,3.67E-02,3.75E-02,3.60E-02,3.70E-02,3.42E-02,3.62E-02,3.62E-02,3.77E-02,3.64E-02,3.64E-02,3.58E-02,3.08E-02,3.68E-02,3.53E-02,3.08E-02,3.68E-02,4.20E-02,3.34E-02,3.66E-02,3.04E-02,3.61E-02,3.61E-02,8.99E-03,3.93E-02,3.39E-02,2.85E-02,6.59E-02,3.96E-02,4.55E-02,7.59E-02,3.35E-02,5.65E-03,1.11E-02,4.53E-02,8.65E-03,1.05E-02
15439,Y,In,O3,YInO3,4.211,4.5,3.9,0.48,4.06E-02,4.81E-02,2.18E-02,2.93E-02,3.59E-02,0.00E+00,7.60E-03,3.27E-02,1.42E-02,1.34E-02,4.96E-03,3.72E-02,2.75E-02,3.36E-02,3.90E-02,4.12E-02,2.31E-02,3.14E-02,3.96E-02,4.22E-02,1.15E-02,4.61E-02,3.01E-02,6.84E-02,1.28E-02,3.16E-02,5.05E-03,3.92E-02,2.78E-02,2.93E-02,3.66E-02,3.70E-02,3.70E-02,3.70E-02,3.65E-02,3.75E-02,3.70E-02,3.68E-02,3.74E-02,3.67E-02,3.75E-02,3.60E-02,3.70E-02,3.42E-02,3.62E-02,3.62E-02,3.77E-02,3.64E-02,3.64E-02,3.58E-02,3.08E-02,3.68E-02,3.53E-02,3.08E-02,3.68E-02,4.20E-02,3.34E-02,3.66E-02,3.04E-02,3.61E-02,3.80E-02,9.53E-03,3.31E-02,2.85E-02,3.01E-02,2.83E-02,3.70E-02,3.56E-02,3.29E-02,3.74E-02,5.42E-02,9.48E-03,3.92E-02,1.73E-02,2.09E-02
8400,Sc,Ga,O2S,ScGaO2S,4.199,2.1,1.5,0.88,2.99E-02,4.14E-02,1.46E-02,1.48E-02,2.71E-02,6.02E-03,6.97E-03,3.35E-02,1.26E-02,2.53E-02,4.56E-03,3.49E-02,3.07E-02,3.36E-02,3.90E-02,3.19E-02,2.43E-02,2.54E-02,2.40E-02,3.17E-02,1.15E-02,4.55E-02,3.12E-02,4.20E-02,2.04E-02,1.57E-02,8.67E-03,3.98E-02,2.78E-02,2.93E-02,3.66E-02,3.70E-02,3.70E-02,3.70E-02,3.65E-02,3.75E-02,3.70E-02,3.68E-02,3.74E-02,3.67E-02,3.75E-02,3.60E-02,3.70E-02,3.42E-02,3.62E-02,3.62E-02,3.77E-02,3.64E-02,3.64E-02,3.58E-02,3.08E-02,3.68E-02,3.53E-02,3.08E-02,3.68E-02,4.20E-02,3.34E-02,3.66E-02,3.04E-02,3.61E-02,7.87E-03,7.59E-02,4.80E-02,5.71E-02,4.46E-02,4.03E-02,3.75E-02,2.71E-02,2.95E-03,2.89E-02,5.45E-02,7.39E-02,2.94E-02,5.19E-02,6.27E-02
7651,Ir,B,ON2,IrBON2,3.508,0.2,0.2,1.7,2.51E-02,6.26E-02,1.10E-01,6.34E-02,1.50E-02,4.99E-02,3.80E-02,4.67E-02,8.06E-03,5.79E-03,4.24E-02,5.72E-02,4.96E-02,3.36E-02,5.20E-02,1.19E-02,4.20E-02,1.01E-02,3.73E-03,1.25E-02,1.07E-02,4.43E-02,2.75E-02,1.00E-02,5.64E-02,1.05E-02,3.50E-02,4.49E-02,2.78E-02,2.93E-02,3.66E-02,3.70E-02,3.70E-02,3.70E-02,3.65E-02,3.75E-02,3.70E-02,3.68E-02,3.74E-02,3.67E-02,3.75E-02,3.60E-02,3.70E-02,3.42E-02,3.62E-02,4.42E-02,3.23E-02,3.19E-02,3.19E-02,4.67E-02,-1.53E-03,3.47E-02,3.77E-02,9.48E-03,4.16E-02,4.08E-03,5.41E-02,3.23E-02,7.60E-02,5.42E-02,4.64E-02,8.18E-03,2.90E-02,2.50E-02,3.93E-02,-1.41E-03,3.49E-02,3.80E-02,1.01E-02,4.24E-02,5.26E-03,1.54E-02,3.46E-02,4.33E-02,3.14E-02
14499,Ba,Si,O3,BaSiO3,3.855,3.4,3.4,0.26,5.66E-02,2.77E-02,1.75E-02,4.53E-02,6.85E-02,-1.73E-02,5.70E-03,2.67E-02,2.59E-02,9.08E-03,5.31E-03,1.74E-02,2.01E-02,2.24E-02,2.60E-02,1.34E-02,2.58E-02,1.00E-02,9.68E-03,3.24E-02,5.28E-02,4.79E-02,4.24E-02,5.54E-03,3.85E-02,5.74E-02,7.78E-02,4.18E-02,3.70E-02,3.90E-02,3.66E-02,3.70E-02,3.70E-02,3.70E-02,3.65E-02,3.75E-02,3.70E-02,3.68E-02,3.74E-02,3.67E-02,3.75E-02,3.60E-02,3.70E-02,3.42E-02,3.62E-02,3.62E-02,3.77E-02,3.64E-02,3.64E-02,3.58E-02,3.08E-02,3.68E-02,3.53E-02,3.08E-02,3.68E-02,4.20E-02,3.34E-02,3.66E-02,3.04E-02,3.61E-02,3.80E-02,9.53E-03,3.31E-02,2.85E-02,3.01E-02,2.83E-02,3.70E-02,3.56E-02,3.29E-02,3.74E-02,5.42E-02,9.48E-03,3.92E-02,1.73E-02,2.09E-02
14337,Sn,Mo,O3,SnMoO3,4.443,0.2,0.2,0.54,2.83E-02,3.83E-02,3.57E-02,3.92E-02,2.94E-02,4.03E-02,5.07E-02,3.77E-02,2.77E-02,1.01E-02,1.92E-02,1.56E-02,4.42E-02,4.48E-02,5.20E-02,3.04E-02,4.83E-02,4.39E-02,3.31E-02,2.51E-02,3.79E-02,3.07E-02,3.69E-02,1.02E-02,1.37E-02,5.35E-02,5.58E-02,4.76E-02,5.55E-02,5.85E-02,3.66E-02,3.70E-02,3.70E-02,3.70E-02,3.65E-02,3.75E-02,3.70E-02,3.68E-02,3.74E-02,3.67E-02,3.75E-02,3.60E-02,3.70E-02,3.42E-02,3.62E-02,3.62E-02,3.77E-02,3.64E-02,3.64E-02,3.58E-02,3.08E-02,3.68E-02,3.53E-02,3.08E-02,3.68E-02,4.20E-02,3.34E-02,3.66E-02,3.04E-02,3.61E-02,3.80E-02,9.53E-03,3.31E-02,2.85E-02,3.01E-02,2.83E-02,3.70E-02,3.56E-02,3.29E-02,3.74E-02,5.42E-02,9.48E-03,3.92E-02,1.73E-02,2.09E-02
14438,As,In,O3,AsInO3,4.174,1.1,0.4,0.9,2.31E-02,1.17E-02,2.82E-02,2.47E-02,2.34E-02,2.56E-02,5.32E-02,5.03E-02,1.94E-02,1.47E-02,1.44E-02,6.01E-02,4.87E-02,5.60E-02,3.90E-02,4.12E-02,2.31E-02,3.14E-02,3.96E-02,4.22E-02,1.15E-02,4.61E-02,3.01E-02,6.84E-02,1.28E-02,3.16E-02,5.05E-03,3.92E-02,2.78E-02,2.93E-02,3.66E-02,3.70E-02,3.70E-02,3.70E-02,3.65E-02,3.75E-02,3.70E-02,3.68E-02,3.74E-02,3.67E-02,3.75E-02,3.60E-02,3.70E-02,3.42E-02,3.62E-02,3.62E-02,3.77E-02,3.64E-02,3.64E-02,3.58E-02,3.08E-02,3.68E-02,3.53E-02,3.08E-02,3.68E-02,4.20E-02,3.34E-02,3.66E-02,3.04E-02,3.61E-02,3.80E-02,9.53E-03,3.31E-02,2.85E-02,3.01E-02,2.83E-02,3.70E-02,3.56E-02,3.29E-02,3.74E-02,5.42E-02,9.48E-03,3.92E-02,1.73E-02,2.09E-02
17286,Bi,Ru,N3,BiRuN3,4.069,0.2,0.2,1.14,4.10E-02,2.45E-02,4.76E-02,6.90E-02,3.85E-02,3.66E-02,5.45E-02,3.74E-02,1.69E-02,5.43E-03,2.27E-03,2.39E-02,4.55E-02,5.60E-02,3.90E-02,3.19E-02,4.35E-02,5.32E-02,3.48E-02,2.27E-02,4.35E-02,3.44E-02,3.83E-02,1.36E-02,1.31E-02,4.54E-02,3.96E-02,4.84E-02,7.41E-02,2.93E-02,4.47E-02,3.18E-02,3.24E-02,3.24E-02,4.77E-02,-1.86E-03,3.48E-02,3.93E-02,1.15E-02,4.16E-02,3.64E-03,5.83E-02,3.27E-02,8.55E-02,5.43E-02,4.42E-02,3.23E-02,3.19E-02,3.19E-02,4.67E-02,-1.53E-03,3.47E-02,3.77E-02,9.48E-03,4.16E-02,4.08E-03,5.41E-02,3.23E-02,7.60E-02,5.42E-02,4.64E-02,8.18E-03,2.90E-02,2.50E-02,3.93E-02,-1.41E-03,3.49E-02,3.80E-02,1.01E-02,4.24E-02,5.26E-03,1.54E-02,3.46E-02,4.33E-02,3.14E-02
661,Al,Ti,O2N,AlTiO2N,3.912,2.2,1.7,0.66,2.15E-02,3.65E-02,1.32E-02,8.90E-03,1.81E-02,1.50E-02,4.62E-02,3.07E-02,2.91E-02,4.01E-02,6.84E-02,2.32E-02,3.63E-02,3.36E-02,3.90E-02,3.14E-02,3.50E-02,1.95E-02,1.65E-02,2.85E-02,7.90E-03,2.64E-02,3.55E-02,1.83E-02,2.87E-02,8.49E-03,2.88E-02,3.39E-02,3.70E-02,3.90E-02,3.66E-02,3.70E-02,3.70E-02,3.70E-02,3.65E-02,3.75E-02,3.70E-02,3.68E-02,3.74E-02,3.67E-02,3.75E-02,3.60E-02,3.70E-02,3.42E-02,3.62E-02,3.62E-02,3.77E-02,3.64E-02,3.64E-02,3.58E-02,3.08E-02,3.68E-02,3.53E-02,3.08E-02,3.68E-02,4.20E-02,3.34E-02,3.66E-02,3.04E-02,3.61E-02,4.64E-02,8.18E-03,2.90E-02,2.50E-02,3.93E-02,-1.41E-03,3.49E-02,3.80E-02,1.01E-02,4.24E-02,5.26E-03,1.54E-02,3.46E-02,4.33E-02,3.14E-02
7704,Y,Nb,ON2,YNbON2,4.11,1.9,1.7,0.3,4.06E-02,4.81E-02,2.18E-02,2.93E-02,3.59E-02,0.00E+00,7.60E-03,3.27E-02,1.42E-02,1.34E-02,4.96E-03,3.72E-02,2.75E-02,3.36E-02,3.90E-02,3.30E-02,4.93E-02,3.68E-02,3.20E-02,2.93E-02,3.79E-02,2.89E-02,3.58E-02,1.55E-02,1.46E-02,2.08E-02,4.17E-02,3.52E-02,4.63E-02,4.88E-02,3.66E-02,3.70E-02,3.70E-02,3.70E-02,3.65E-02,3.75E-02,3.70E-02,3.68E-02,3.74E-02,3.67E-02,3.75E-02,3.60E-02,3.70E-02,3.42E-02,3.62E-02,4.42E-02,3.23E-02,3.19E-02,3.19E-02,4.67E-02,-1.53E-03,3.47E-02,3.77E-02,9.48E-03,4.16E-02,4.08E-03,5.41E-02,3.23E-02,7.60E-02,5.42E-02,4.64E-02,8.18E-03,2.90E-02,2.50E-02,3.93E-02,-1.41E-03,3.49E-02,3.80E-02,1.01E-02,4.24E-02,5.26E-03,1.54E-02,3.46E-02,4.33E-02,3.14E-02
8155,Bi,In,O2S,BiInO2S,4.606,1.8,1,0.72,4.10E-02,2.45E-02,4.76E-02,6.90E-02,3.85E-02,3.66E-02,5.45E-02,3.74E-02,1.69E-02,5.43E-03,2.27E-03,2.39E-02,4.55E-02,5.60E-02,3.90E-02,4.12E-02,2.31E-02,3.14E-02,3.96E-02,4.22E-02,1.15E-02,4.61E-02,3.01E-02,6.84E-02,1.28E-02,3.16E-02,5.05E-03,3.92E-02,2.78E-02,2.93E-02,3.66E-02,3.70E-02,3.70E-02,3.70E-02,3.65E-02,3.75E-02,3.70E-02,3.68E-02,3.74E-02,3.67E-02,3.75E-02,3.60E-02,3.70E-02,3.42E-02,3.62E-02,3.62E-02,3.77E-02,3.64E-02,3.64E-02,3.58E-02,3.08E-02,3.68E-02,3.53E-02,3.08E-02,3.68E-02,4.20E-02,3.34E-02,3.66E-02,3.04E-02,3.61E-02,7.87E-03,7.59E-02,4.80E-02,5.71E-02,4.46E-02,4.03E-02,3.75E-02,2.71E-02,2.95E-03,2.89E-02,5.45E-02,7.39E-02,2.94E-02,5.19E-02,6.27E-02
2306,Pt,Nb,O2N,PtNbO2N,4.141,0.9,0.5,0.64,2.51E-02,5.46E-02,1.05E-01,6.44E-02,1.65E-02,6.83E-02,3.99E-02,4.61E-02,1.11E-02,5.79E-03,2.07E-02,4.26E-02,5.14E-02,4.48E-02,5.20E-02,3.30E-02,4.93E-02,3.68E-02,3.20E-02,2.93E-02,3.79E-02,2.89E-02,3.58E-02,1.55E-02,1.46E-02,2.08E-02,4.17E-02,3.52E-02,4.63E-02,4.88E-02,3.66E-02,3.70E-02,3.70E-02,3.70E-02,3.65E-02,3.75E-02,3.70E-02,3.68E-02,3.74E-02,3.67E-02,3.75E-02,3.60E-02,3.70E-02,3.42E-02,3.62E-02,3.62E-02,3.77E-02,3.64E-02,3.64E-02,3.58E-02,3.08E-02,3.68E-02,3.53E-02,3.08E-02,3.68E-02,4.20E-02,3.34E-02,3.66E-02,3.04E-02,3.61E-02,4.64E-02,8.18E-03,2.90E-02,2.50E-02,3.93E-02,-1.41E-03,3.49E-02,3.80E-02,1.01E-02,4.24E-02,5.26E-03,1.54E-02,3.46E-02,4.33E-02,3.14E-02
10349,Cs,W,O2S,CsWO2S,4.533,0.7,0.3,0.9,6.93E-02,1.26E-02,9.13E-03,4.39E-02,7.36E-02,1.51E-02,3.17E-03,2.00E-02,1.26E-01,1.07E-02,1.04E-02,4.54E-03,1.78E-02,1.12E-02,1.30E-02,3.09E-02,5.72E-02,8.30E-02,6.34E-02,2.56E-02,2.37E-02,3.13E-02,4.15E-02,9.59E-03,7.14E-03,6.74E-02,5.49E-02,5.20E-02,5.55E-02,5.85E-02,3.66E-02,3.70E-02,3.70E-02,3.70E-02,3.65E-02,3.75E-02,3.70E-02,3.68E-02,3.74E-02,3.67E-02,3.75E-02,3.60E-02,3.70E-02,3.42E-02,3.62E-02,3.62E-02,3.77E-02,3.64E-02,3.64E-02,3.58E-02,3.08E-02,3.68E-02,3.53E-02,3.08E-02,3.68E-02,4.20E-02,3.34E-02,3.66E-02,3.04E-02,3.61E-02,7.87E-03,7.59E-02,4.80E-02,5.71E-02,4.46E-02,4.03E-02,3.75E-02,2.71E-02,2.95E-03,2.89E-02,5.45E-02,7.39E-02,2.94E-02,5.19E-02,6.27E-02
9356,Li,V,O2S,LiVO2S,4.178,0.8,0.5,0.72,3.03E-02,2.15E-02,2.59E-03,2.29E-03,2.35E-02,1.99E-02,6.33E-04,2.76E-02,5.79E-02,1.59E-01,2.44E-02,6.51E-03,2.21E-02,1.12E-02,1.30E-02,2.78E-02,3.59E-02,2.63E-02,1.76E-02,2.23E-02,1.98E-02,2.83E-02,3.50E-02,1.79E-02,2.69E-02,1.19E-02,3.53E-02,3.59E-02,4.63E-02,4.88E-02,3.66E-02,3.70E-02,3.70E-02,3.70E-02,3.65E-02,3.75E-02,3.70E-02,3.68E-02,3.74E-02,3.67E-02,3.75E-02,3.60E-02,3.70E-02,3.42E-02,3.62E-02,3.62E-02,3.77E-02,3.64E-02,3.64E-02,3.58E-02,3.08E-02,3.68E-02,3.53E-02,3.08E-02,3.68E-02,4.20E-02,3.34E-02,3.66E-02,3.04E-02,3.61E-02,7.87E-03,7.59E-02,4.80E-02,5.71E-02,4.46E-02,4.03E-02,3.75E-02,2.71E-02,2.95E-03,2.89E-02,5.45E-02,7.39E-02,2.94E-02,5.19E-02,6.27E-02
15689,Ta,Li,O3,TaLiO3,3.58,1.6,0.9,0.76,2.55E-02,7.63E-02,8.13E-02,5.97E-02,1.92E-02,2.00E-02,3.04E-02,4.04E-02,7.93E-03,6.23E-03,1.66E-02,7.81E-02,3.38E-02,5.60E-02,6.51E-02,3.92E-02,1.59E-02,2.28E-03,2.39E-03,3.50E-02,2.36E-02,6.15E-04,2.80E-02,9.80E-02,1.97E-01,3.28E-02,4.65E-03,2.16E-02,9.26E-03,9.76E-03,3.66E-02,3.70E-02,3.70E-02,3.70E-02,3.65E-02,3.75E-02,3.70E-02,3.68E-02,3.74E-02,3.67E-02,3.75E-02,3.60E-02,3.70E-02,3.42E-02,3.62E-02,3.62E-02,3.77E-02,3.64E-02,3.64E-02,3.58E-02,3.08E-02,3.68E-02,3.53E-02,3.08E-02,3.68E-02,4.20E-02,3.34E-02,3.66E-02,3.04E-02,3.61E-02,3.80E-02,9.53E-03,3.31E-02,2.85E-02,3.01E-02,2.83E-02,3.70E-02,3.56E-02,3.29E-02,3.74E-02,5.42E-02,9.48E-03,3.92E-02,1.73E-02,2.09E-02
647,Bi,Si,O2N,BiSiO2N,3.749,2.9,1.7,0.76,4.10E-02,2.45E-02,4.76E-02,6.90E-02,3.85E-02,3.66E-02,5.45E-02,3.74E-02,1.69E-02,5.43E-03,2.27E-03,2.39E-02,4.55E-02,5.60E-02,3.90E-02,1.34E-02,2.58E-02,1.00E-02,9.68E-03,3.24E-02,5.28E-02,4.79E-02,4.24E-02,5.54E-03,3.85E-02,5.74E-02,7.78E-02,4.18E-02,3.70E-02,3.90E-02,3.66E-02,3.70E-02,3.70E-02,3.70E-02,3.65E-02,3.75E-02,3.70E-02,3.68E-02,3.74E-02,3.67E-02,3.75E-02,3.60E-02,3.70E-02,3.42E-02,3.62E-02,3.62E-02,3.77E-02,3.64E-02,3.64E-02,3.58E-02,3.08E-02,3.68E-02,3.53E-02,3.08E-02,3.68E-02,4.20E-02,3.34E-02,3.66E-02,3.04E-02,3.61E-02,4.64E-02,8.18E-03,2.90E-02,2.50E-02,3.93E-02,-1.41E-03,3.49E-02,3.80E-02,1.01E-02,4.24E-02,5.26E-03,1.54E-02,3.46E-02,4.33E-02,3.14E-02
4116,Ge,Sn,OFN,GeSnOFN,4.185,1.3,0.3,0.86,2.11E-02,4.14E-02,2.60E-02,2.40E-02,2.42E-02,3.99E-02,5.00E-02,4.05E-02,7.17E-03,1.42E-02,1.73E-02,6.90E-02,4.53E-02,4.48E-02,5.20E-02,3.66E-02,2.83E-02,3.14E-02,4.09E-02,4.37E-02,4.78E-02,4.92E-02,3.82E-02,4.69E-02,1.25E-02,2.58E-02,1.12E-02,4.31E-02,3.70E-02,3.90E-02,3.66E-02,3.70E-02,3.70E-02,3.70E-02,3.65E-02,3.75E-02,3.70E-02,3.68E-02,3.74E-02,3.67E-02,3.75E-02,3.60E-02,3.70E-02,3.42E-02,3.62E-02,3.43E-02,3.55E-02,4.32E-02,4.33E-02,3.39E-02,7.17E-02,3.93E-02,4.51E-02,7.11E-02,3.29E-02,4.38E-03,3.91E-02,4.23E-02,1.52E-02,1.81E-02,4.64E-02,8.18E-03,2.90E-02,2.50E-02,3.93E-02,-1.41E-03,3.49E-02,3.80E-02,1.01E-02,4.24E-02,5.26E-03,1.54E-02,3.46E-02,4.33E-02,3.14E-02
6172,Te,Ti,ON2,TeTiON2,3.993,0.7,0.6,0.72,3.86E-02,1.68E-02,3.05E-02,4.21E-02,3.70E-02,6.33E-02,5.70E-02,4.62E-02,2.37E-02,8.99E-03,6.78E-04,3.79E-02,4.73E-02,6.72E-02,5.20E-02,3.14E-02,3.50E-02,1.95E-02,1.65E-02,2.85E-02,7.90E-03,2.64E-02,3.55E-02,1.83E-02,2.87E-02,8.49E-03,2.88E-02,3.39E-02,3.70E-02,3.90E-02,3.66E-02,3.70E-02,3.70E-02,3.70E-02,3.65E-02,3.75E-02,3.70E-02,3.68E-02,3.74E-02,3.67E-02,3.75E-02,3.60E-02,3.70E-02,3.42E-02,3.62E-02,4.42E-02,3.23E-02,3.19E-02,3.19E-02,4.67E-02,-1.53E-03,3.47E-02,3.77E-02,9.48E-03,4.16E-02,4.08E-03,5.41E-02,3.23E-02,7.60E-02,5.42E-02,4.64E-02,8.18E-03,2.90E-02,2.50E-02,3.93E-02,-1.41E-03,3.49E-02,3.80E-02,1.01E-02,4.24E-02,5.26E-03,1.54E-02,3.46E-02,4.33E-02,3.14E-02
3462,Na,Nb,OFN,NaNbOFN,4.155,1.4,1.2,0.42,4.06E-02,1.54E-02,4.74E-03,7.59E-03,4.33E-02,1.75E-02,1.27E-03,2.63E-02,8.94E-02,5.47E-02,4.07E-02,5.64E-03,2.10E-02,1.12E-02,1.30E-02,3.30E-02,4.93E-02,3.68E-02,3.20E-02,2.93E-02,3.79E-02,2.89E-02,3.58E-02,1.55E-02,1.46E-02,2.08E-02,4.17E-02,3.52E-02,4.63E-02,4.88E-02,3.66E-02,3.70E-02,3.70E-02,3.70E-02,3.65E-02,3.75E-02,3.70E-02,3.68E-02,3.74E-02,3.67E-02,3.75E-02,3.60E-02,3.70E-02,3.42E-02,3.62E-02,3.43E-02,3.55E-02,4.32E-02,4.33E-02,3.39E-02,7.17E-02,3.93E-02,4.51E-02,7.11E-02,3.29E-02,4.38E-03,3.91E-02,4.23E-02,1.52E-02,1.81E-02,4.64E-02,8.18E-03,2.90E-02,2.50E-02,3.93E-02,-1.41E-03,3.49E-02,3.80E-02,1.01E-02,4.24E-02,5.26E-03,1.54E-02,3.46E-02,4.33E-02,3.14E-02
17437,Co,Pd,N3,CoPdN3,3.877,0.2,0.2,1.76,2.59E-02,4.18E-02,4.35E-02,1.94E-02,1.21E-02,2.33E-02,3.67E-02,4.03E-02,1.64E-02,1.87E-02,2.89E-02,3.51E-02,4.24E-02,3.36E-02,2.60E-02,3.30E-02,3.18E-02,5.16E-02,3.67E-02,2.38E-02,2.37E-02,3.81E-02,4.34E-02,2.51E-02,1.34E-02,2.78E-02,2.60E-02,4.84E-02,3.70E-02,1.95E-02,4.47E-02,3.18E-02,3.24E-02,3.24E-02,4.77E-02,-1.86E-03,3.48E-02,3.93E-02,1.15E-02,4.16E-02,3.64E-03,5.83E-02,3.27E-02,8.55E-02,5.43E-02,4.42E-02,3.23E-02,3.19E-02,3.19E-02,4.67E-02,-1.53E-03,3.47E-02,3.77E-02,9.48E-03,4.16E-02,4.08E-03,5.41E-02,3.23E-02,7.60E-02,5.42E-02,4.64E-02,8.18E-03,2.90E-02,2.50E-02,3.93E-02,-1.41E-03,3.49E-02,3.80E-02,1.01E-02,4.24E-02,5.26E-03,1.54E-02,3.46E-02,4.33E-02,3.14E-02
8183,Ir,Ta,O2S,IrTaO2S,4.359,0.7,0.5,0.56,2.51E-02,6.26E-02,1.10E-01,6.34E-02,1.50E-02,4.99E-02,3.80E-02,4.67E-02,8.06E-03,5.79E-03,4.24E-02,5.72E-02,4.96E-02,3.36E-02,5.20E-02,3.30E-02,5.63E-02,7.16E-02,6.24E-02,2.85E-02,2.37E-02,2.95E-02,4.10E-02,1.34E-02,7.69E-03,2.23E-02,5.58E-02,3.30E-02,4.63E-02,4.88E-02,3.66E-02,3.70E-02,3.70E-02,3.70E-02,3.65E-02,3.75E-02,3.70E-02,3.68E-02,3.74E-02,3.67E-02,3.75E-02,3.60E-02,3.70E-02,3.42E-02,3.62E-02,3.62E-02,3.77E-02,3.64E-02,3.64E-02,3.58E-02,3.08E-02,3.68E-02,3.53E-02,3.08E-02,3.68E-02,4.20E-02,3.34E-02,3.66E-02,3.04E-02,3.61E-02,7.87E-03,7.59E-02,4.80E-02,5.71E-02,4.46E-02,4.03E-02,3.75E-02,2.71E-02,2.95E-03,2.89E-02,5.45E-02,7.39E-02,2.94E-02,5.19E-02,6.27E-02
14269,Y,B,O3,YBO3,3.529,5.6,5.2,0.7,4.06E-02,4.81E-02,2.18E-02,2.93E-02,3.59E-02,0.00E+00,7.60E-03,3.27E-02,1.42E-02,1.34E-02,4.96E-03,3.72E-02,2.75E-02,3.36E-02,3.90E-02,1.19E-02,4.20E-02,1.01E-02,3.73E-03,1.25E-02,1.07E-02,4.43E-02,2.75E-02,1.00E-02,5.64E-02,1.05E-02,3.50E-02,4.49E-02,2.78E-02,2.93E-02,3.66E-02,3.70E-02,3.70E-02,3.70E-02,3.65E-02,3.75E-02,3.70E-02,3.68E-02,3.74E-02,3.67E-02,3.75E-02,3.60E-02,3.70E-02,3.42E-02,3.62E-02,3.62E-02,3.77E-02,3.64E-02,3.64E-02,3.58E-02,3.08E-02,3.68E-02,3.53E-02,3.08E-02,3.68E-02,4.20E-02,3.34E-02,3.66E-02,3.04E-02,3.61E-02,3.80E-02,9.53E-03,3.31E-02,2.85E-02,3.01E-02,2.83E-02,3.70E-02,3.56E-02,3.29E-02,3.74E-02,5.42E-02,9.48E-03,3.92E-02,1.73E-02,2.09E-02
9063,Pd,Ge,O2S,PdGeO2S,4.301,0.6,0.4,0.84,2.55E-02,4.31E-02,5.86E-02,3.51E-02,1.60E-02,2.00E-02,3.93E-02,4.28E-02,1.49E-02,1.09E-02,2.07E-02,3.63E-02,4.96E-02,4.48E-02,2.60E-02,2.73E-02,3.05E-02,2.29E-02,2.50E-02,3.59E-02,4.74E-02,4.86E-02,4.11E-02,1.21E-02,1.76E-02,2.32E-02,4.93E-02,4.43E-02,3.70E-02,3.90E-02,3.66E-02,3.70E-02,3.70E-02,3.70E-02,3.65E-02,3.75E-02,3.70E-02,3.68E-02,3.74E-02,3.67E-02,3.75E-02,3.60E-02,3.70E-02,3.42E-02,3.62E-02,3.62E-02,3.77E-02,3.64E-02,3.64E-02,3.58E-02,3.08E-02,3.68E-02,3.53E-02,3.08E-02,3.68E-02,4.20E-02,3.34E-02,3.66E-02,3.04E-02,3.61E-02,7.87E-03,7.59E-02,4.80E-02,5.71E-02,4.46E-02,4.03E-02,3.75E-02,2.71E-02,2.95E-03,2.89E-02,5.45E-02,7.39E-02,2.94E-02,5.19E-02,6.27E-02
8685,Pb,Hf,O2S,PbHfO2S,4.545,3.3,3.2,0.52,4.74E-02,2.69E-02,5.54E-02,6.84E-02,3.30E-02,3.66E-02,5.13E-02,3.80E-02,3.63E-02,5.74E-03,1.02E-02,1.03E-02,5.25E-02,4.48E-02,2.60E-02,4.28E-02,4.79E-02,5.72E-02,6.15E-02,3.63E-02,0.00E+00,2.77E-02,3.46E-02,1.26E-02,7.69E-03,8.92E-03,3.37E-02,2.86E-02,3.70E-02,3.90E-02,3.66E-02,3.70E-02,3.70E-02,3.70E-02,3.65E-02,3.75E-02,3.70E-02,3.68E-02,3.74E-02,3.67E-02,3.75E-02,3.60E-02,3.70E-02,3.42E-02,3.62E-02,3.62E-02,3.77E-02,3.64E-02,3.64E-02,3.58E-02,3.08E-02,3.68E-02,3.53E-02,3.08E-02,3.68E-02,4.20E-02,3.34E-02,3.66E-02,3.04E-02,3.61E-02,7.87E-03,7.59E-02,4.80E-02,5.71E-02,4.46E-02,4.03E-02,3.75E-02,2.71E-02,2.95E-03,2.89E-02,5.45E-02,7.39E-02,2.94E-02,5.19E-02,6.27E-02
17756,Bi,Ca,N3,BiCaN3,4.33,0.8,0.8,2,4.10E-02,2.45E-02,4.76E-02,6.90E-02,3.85E-02,3.66E-02,5.45E-02,3.74E-02,1.69E-02,5.43E-03,2.27E-03,2.39E-02,4.55E-02,5.60E-02,3.90E-02,5.15E-02,1.73E-02,6.66E-03,1.38E-02,7.14E-02,-6.16E-02,4.30E-03,3.18E-02,4.75E-02,3.55E-02,7.75E-02,1.32E-02,2.20E-02,1.85E-02,1.95E-02,4.47E-02,3.18E-02,3.24E-02,3.24E-02,4.77E-02,-1.86E-03,3.48E-02,3.93E-02,1.15E-02,4.16E-02,3.64E-03,5.83E-02,3.27E-02,8.55E-02,5.43E-02,4.42E-02,3.23E-02,3.19E-02,3.19E-02,4.67E-02,-1.53E-03,3.47E-02,3.77E-02,9.48E-03,4.16E-02,4.08E-03,5.41E-02,3.23E-02,7.60E-02,5.42E-02,4.64E-02,8.18E-03,2.90E-02,2.50E-02,3.93E-02,-1.41E-03,3.49E-02,3.80E-02,1.01E-02,4.24E-02,5.26E-03,1.54E-02,3.46E-02,4.33E-02,3.14E-02
14510,Cd,Si,O3,CdSiO3,3.637,3.8,2.7,0.46,3.78E-02,1.38E-02,4.23E-02,3.71E-02,2.34E-02,0.00E+00,4.43E-02,4.61E-02,3.88E-02,1.03E-02,2.79E-02,1.32E-02,3.81E-02,2.24E-02,2.60E-02,1.34E-02,2.58E-02,1.00E-02,9.68E-03,3.24E-02,5.28E-02,4.79E-02,4.24E-02,5.54E-03,3.85E-02,5.74E-02,7.78E-02,4.18E-02,3.70E-02,3.90E-02,3.66E-02,3.70E-02,3.70E-02,3.70E-02,3.65E-02,3.75E-02,3.70E-02,3.68E-02,3.74E-02,3.67E-02,3.75E-02,3.60E-02,3.70E-02,3.42E-02,3.62E-02,3.62E-02,3.77E-02,3.64E-02,3.64E-02,3.58E-02,3.08E-02,3.68E-02,3.53E-02,3.08E-02,3.68E-02,4.20E-02,3.34E-02,3.66E-02,3.04E-02,3.61E-02,3.80E-02,9.53E-03,3.31E-02,2.85E-02,3.01E-02,2.83E-02,3.70E-02,3.56E-02,3.29E-02,3.74E-02,5.42E-02,9.48E-03,3.92E-02,1.73E-02,2.09E-02
8994,Sc,Y,O2S,ScYO2S,4.505,1,0.5,1.16,2.99E-02,4.14E-02,1.46E-02,1.48E-02,2.71E-02,6.02E-03,6.97E-03,3.35E-02,1.26E-02,2.53E-02,4.56E-03,3.49E-02,3.07E-02,3.36E-02,3.90E-02,5.26E-02,3.55E-02,1.92E-02,3.06E-02,5.32E-02,0.00E+00,7.38E-03,3.32E-02,2.41E-02,1.65E-02,6.67E-03,2.66E-02,2.69E-02,2.78E-02,2.93E-02,3.66E-02,3.70E-02,3.70E-02,3.70E-02,3.65E-02,3.75E-02,3.70E-02,3.68E-02,3.74E-02,3.67E-02,3.75E-02,3.60E-02,3.70E-02,3.42E-02,3.62E-02,3.62E-02,3.77E-02,3.64E-02,3.64E-02,3.58E-02,3.08E-02,3.68E-02,3.53E-02,3.08E-02,3.68E-02,4.20E-02,3.34E-02,3.66E-02,3.04E-02,3.61E-02,7.87E-03,7.59E-02,4.80E-02,5.71E-02,4.46E-02,4.03E-02,3.75E-02,2.71E-02,2.95E-03,2.89E-02,5.45E-02,7.39E-02,2.94E-02,5.19E-02,6.27E-02
8335,Rb,Ta,O2S,RbTaO2S,4.52,2.3,1.8,0.4,6.41E-02,1.28E-02,7.48E-03,2.82E-02,1.01E-01,1.56E-02,2.53E-03,2.14E-02,1.15E-01,1.62E-02,1.68E-02,5.07E-03,1.85E-02,4.48E-02,1.30E-02,3.30E-02,5.63E-02,7.16E-02,6.24E-02,2.85E-02,2.37E-02,2.95E-02,4.10E-02,1.34E-02,7.69E-03,2.23E-02,5.58E-02,3.30E-02,4.63E-02,4.88E-02,3.66E-02,3.70E-02,3.70E-02,3.70E-02,3.65E-02,3.75E-02,3.70E-02,3.68E-02,3.74E-02,3.67E-02,3.75E-02,3.60E-02,3.70E-02,3.42E-02,3.62E-02,3.62E-02,3.77E-02,3.64E-02,3.64E-02,3.58E-02,3.08E-02,3.68E-02,3.53E-02,3.08E-02,3.68E-02,4.20E-02,3.34E-02,3.66E-02,3.04E-02,3.61E-02,7.87E-03,7.59E-02,4.80E-02,5.71E-02,4.46E-02,4.03E-02,3.75E-02,2.71E-02,2.95E-03,2.89E-02,5.45E-02,7.39E-02,2.94E-02,5.19E-02,6.27E-02
15143,La,Sc,O3,LaScO3,4.129,6.4,6.4,0.08,4.62E-02,4.98E-02,3.00E-02,4.58E-02,4.08E-02,1.66E-02,8.23E-03,2.86E-02,6.55E-03,8.46E-03,3.90E-03,2.45E-02,2.48E-02,3.36E-02,3.90E-02,3.86E-02,3.05E-02,1.29E-02,1.55E-02,4.03E-02,7.15E-03,6.76E-03,3.40E-02,2.13E-02,3.12E-02,6.12E-03,2.50E-02,2.99E-02,2.78E-02,2.93E-02,3.66E-02,3.70E-02,3.70E-02,3.70E-02,3.65E-02,3.75E-02,3.70E-02,3.68E-02,3.74E-02,3.67E-02,3.75E-02,3.60E-02,3.70E-02,3.42E-02,3.62E-02,3.62E-02,3.77E-02,3.64E-02,3.64E-02,3.58E-02,3.08E-02,3.68E-02,3.53E-02,3.08E-02,3.68E-02,4.20E-02,3.34E-02,3.66E-02,3.04E-02,3.61E-02,3.80E-02,9.53E-03,3.31E-02,2.85E-02,3.01E-02,2.83E-02,3.70E-02,3.56E-02,3.29E-02,3.74E-02,5.42E-02,9.48E-03,3.92E-02,1.73E-02,2.09E-02
14985,Sn,Zr,O3,SnZrO3,4.192,4.5,4.5,0.2,2.83E-02,3.83E-02,3.57E-02,3.92E-02,2.94E-02,4.03E-02,5.07E-02,3.77E-02,2.77E-02,1.01E-02,1.92E-02,1.56E-02,4.42E-02,4.48E-02,5.20E-02,4.33E-02,4.60E-02,2.80E-02,3.14E-02,3.75E-02,1.98E-02,2.70E-02,3.30E-02,1.21E-02,1.53E-02,8.80E-03,3.26E-02,2.93E-02,3.70E-02,3.90E-02,3.66E-02,3.70E-02,3.70E-02,3.70E-02,3.65E-02,3.75E-02,3.70E-02,3.68E-02,3.74E-02,3.67E-02,3.75E-02,3.60E-02,3.70E-02,3.42E-02,3.62E-02,3.62E-02,3.77E-02,3.64E-02,3.64E-02,3.58E-02,3.08E-02,3.68E-02,3.53E-02,3.08E-02,3.68E-02,4.20E-02,3.34E-02,3.66E-02,3.04E-02,3.61E-02,3.80E-02,9.53E-03,3.31E-02,2.85E-02,3.01E-02,2.83E-02,3.70E-02,3.56E-02,3.29E-02,3.74E-02,5.42E-02,9.48E-03,3.92E-02,1.73E-02,2.09E-02
15120,Sb,B,O3,SbBO3,3.628,3.3,3.2,0.92,3.03E-02,2.48E-02,3.27E-02,4.02E-02,3.29E-02,3.36E-02,5.38E-02,4.43E-02,1.38E-02,9.21E-03,7.01E-03,4.30E-02,4.62E-02,5.60E-02,3.90E-02,1.19E-02,4.20E-02,1.01E-02,3.73E-03,1.25E-02,1.07E-02,4.43E-02,2.75E-02,1.00E-02,5.64E-02,1.05E-02,3.50E-02,4.49E-02,2.78E-02,2.93E-02,3.66E-02,3.70E-02,3.70E-02,3.70E-02,3.65E-02,3.75E-02,3.70E-02,3.68E-02,3.74E-02,3.67E-02,3.75E-02,3.60E-02,3.70E-02,3.42E-02,3.62E-02,3.62E-02,3.77E-02,3.64E-02,3.64E-02,3.58E-02,3.08E-02,3.68E-02,3.53E-02,3.08E-02,3.68E-02,4.20E-02,3.34E-02,3.66E-02,3.04E-02,3.61E-02,3.80E-02,9.53E-03,3.31E-02,2.85E-02,3.01E-02,2.83E-02,3.70E-02,3.56E-02,3.29E-02,3.74E-02,5.42E-02,9.48E-03,3.92E-02,1.73E-02,2.09E-02
10173,Os,W,O2S,OsWO2S,4.276,0.2,0.2,1.14,2.51E-02,7.06E-02,1.10E-01,6.28E-02,1.50E-02,3.66E-02,3.61E-02,4.46E-02,6.42E-03,5.79E-03,2.53E-02,6.35E-02,4.96E-02,8.96E-02,5.20E-02,3.09E-02,5.72E-02,8.30E-02,6.34E-02,2.56E-02,2.37E-02,3.13E-02,4.15E-02,9.59E-03,7.14E-03,6.74E-02,5.49E-02,5.20E-02,5.55E-02,5.85E-02,3.66E-02,3.70E-02,3.70E-02,3.70E-02,3.65E-02,3.75E-02,3.70E-02,3.68E-02,3.74E-02,3.67E-02,3.75E-02,3.60E-02,3.70E-02,3.42E-02,3.62E-02,3.62E-02,3.77E-02,3.64E-02,3.64E-02,3.58E-02,3.08E-02,3.68E-02,3.53E-02,3.08E-02,3.68E-02,4.20E-02,3.34E-02,3.66E-02,3.04E-02,3.61E-02,7.87E-03,7.59E-02,4.80E-02,5.71E-02,4.46E-02,4.03E-02,3.75E-02,2.71E-02,2.95E-03,2.89E-02,5.45E-02,7.39E-02,2.94E-02,5.19E-02,6.27E-02
4867,Sc,In,OFN,ScInOFN,4.269,2.2,1.5,1.12,2.99E-02,4.14E-02,1.46E-02,1.48E-02,2.71E-02,6.02E-03,6.97E-03,3.35E-02,1.26E-02,2.53E-02,4.56E-03,3.49E-02,3.07E-02,3.36E-02,3.90E-02,4.12E-02,2.31E-02,3.14E-02,3.96E-02,4.22E-02,1.15E-02,4.61E-02,3.01E-02,6.84E-02,1.28E-02,3.16E-02,5.05E-03,3.92E-02,2.78E-02,2.93E-02,3.66E-02,3.70E-02,3.70E-02,3.70E-02,3.65E-02,3.75E-02,3.70E-02,3.68E-02,3.74E-02,3.67E-02,3.75E-02,3.60E-02,3.70E-02,3.42E-02,3.62E-02,3.43E-02,3.55E-02,4.32E-02,4.33E-02,3.39E-02,7.17E-02,3.93E-02,4.51E-02,7.11E-02,3.29E-02,4.38E-03,3.91E-02,4.23E-02,1.52E-02,1.81E-02,4.64E-02,8.18E-03,2.90E-02,2.50E-02,3.93E-02,-1.41E-03,3.49E-02,3.80E-02,1.01E-02,4.24E-02,5.26E-03,1.54E-02,3.46E-02,4.33E-02,3.14E-02
84,Co,Os,O2N,CoOsO2N,3.896,0.2,0.2,1.46,2.59E-02,4.18E-02,4.35E-02,1.94E-02,1.21E-02,2.33E-02,3.67E-02,4.03E-02,1.64E-02,1.87E-02,2.89E-02,3.51E-02,4.24E-02,3.36E-02,2.60E-02,3.25E-02,5.21E-02,9.72E-02,6.56E-02,2.23E-02,4.35E-02,3.50E-02,4.52E-02,1.09E-02,7.14E-03,3.40E-02,4.54E-02,4.84E-02,7.41E-02,3.90E-02,3.66E-02,3.70E-02,3.70E-02,3.70E-02,3.65E-02,3.75E-02,3.70E-02,3.68E-02,3.74E-02,3.67E-02,3.75E-02,3.60E-02,3.70E-02,3.42E-02,3.62E-02,3.62E-02,3.77E-02,3.64E-02,3.64E-02,3.58E-02,3.08E-02,3.68E-02,3.53E-02,3.08E-02,3.68E-02,4.20E-02,3.34E-02,3.66E-02,3.04E-02,3.61E-02,4.64E-02,8.18E-03,2.90E-02,2.50E-02,3.93E-02,-1.41E-03,3.49E-02,3.80E-02,1.01E-02,4.24E-02,5.26E-03,1.54E-02,3.46E-02,4.33E-02,3.14E-02
15091,Sc,B,O3,ScBO3,3.439,5.8,5.4,0.84,2.99E-02,4.14E-02,1.46E-02,1.48E-02,2.71E-02,6.02E-03,6.97E-03,3.35E-02,1.26E-02,2.53E-02,4.56E-03,3.49E-02,3.07E-02,3.36E-02,3.90E-02,1.19E-02,4.20E-02,1.01E-02,3.73E-03,1.25E-02,1.07E-02,4.43E-02,2.75E-02,1.00E-02,5.64E-02,1.05E-02,3.50E-02,4.49E-02,2.78E-02,2.93E-02,3.66E-02,3.70E-02,3.70E-02,3.70E-02,3.65E-02,3.75E-02,3.70E-02,3.68E-02,3.74E-02,3.67E-02,3.75E-02,3.60E-02,3.70E-02,3.42E-02,3.62E-02,3.62E-02,3.77E-02,3.64E-02,3.64E-02,3.58E-02,3.08E-02,3.68E-02,3.53E-02,3.08E-02,3.68E-02,4.20E-02,3.34E-02,3.66E-02,3.04E-02,3.61E-02,3.80E-02,9.53E-03,3.31E-02,2.85E-02,3.01E-02,2.83E-02,3.70E-02,3.56E-02,3.29E-02,3.74E-02,5.42E-02,9.48E-03,3.92E-02,1.73E-02,2.09E-02
4630,La,In,OFN,LaInOFN,4.291,2,1.5,0.76,4.62E-02,4.98E-02,3.00E-02,4.58E-02,4.08E-02,1.66E-02,8.23E-03,2.86E-02,6.55E-03,8.46E-03,3.90E-03,2.45E-02,2.48E-02,3.36E-02,3.90E-02,4.12E-02,2.31E-02,3.14E-02,3.96E-02,4.22E-02,1.15E-02,4.61E-02,3.01E-02,6.84E-02,1.28E-02,3.16E-02,5.05E-03,3.92E-02,2.78E-02,2.93E-02,3.66E-02,3.70E-02,3.70E-02,3.70E-02,3.65E-02,3.75E-02,3.70E-02,3.68E-02,3.74E-02,3.67E-02,3.75E-02,3.60E-02,3.70E-02,3.42E-02,3.62E-02,3.43E-02,3.55E-02,4.32E-02,4.33E-02,3.39E-02,7.17E-02,3.93E-02,4.51E-02,7.11E-02,3.29E-02,4.38E-03,3.91E-02,4.23E-02,1.52E-02,1.81E-02,4.64E-02,8.18E-03,2.90E-02,2.50E-02,3.93E-02,-1.41E-03,3.49E-02,3.80E-02,1.01E-02,4.24E-02,5.26E-03,1.54E-02,3.46E-02,4.33E-02,3.14E-02
1254,Sc,Ti,O2N,ScTiO2N,3.899,2.7,1.8,0.4,2.99E-02,4.14E-02,1.46E-02,1.48E-02,2.71E-02,6.02E-03,6.97E-03,3.35E-02,1.26E-02,2.53E-02,4.56E-03,3.49E-02,3.07E-02,3.36E-02,3.90E-02,3.14E-02,3.50E-02,1.95E-02,1.65E-02,2.85E-02,7.90E-03,2.64E-02,3.55E-02,1.83E-02,2.87E-02,8.49E-03,2.88E-02,3.39E-02,3.70E-02,3.90E-02,3.66E-02,3.70E-02,3.70E-02,3.70E-02,3.65E-02,3.75E-02,3.70E-02,3.68E-02,3.74E-02,3.67E-02,3.75E-02,3.60E-02,3.70E-02,3.42E-02,3.62E-02,3.62E-02,3.77E-02,3.64E-02,3.64E-02,3.58E-02,3.08E-02,3.68E-02,3.53E-02,3.08E-02,3.68E-02,4.20E-02,3.34E-02,3.66E-02,3.04E-02,3.61E-02,4.64E-02,8.18E-03,2.90E-02,2.50E-02,3.93E-02,-1.41E-03,3.49E-02,3.80E-02,1.01E-02,4.24E-02,5.26E-03,1.54E-02,3.46E-02,4.33E-02,3.14E-02
9337,Li,Sb,O2S,LiSbO2S,4.35,1,0.7,0.96,3.03E-02,2.15E-02,2.59E-03,2.29E-03,2.35E-02,1.99E-02,6.33E-04,2.76E-02,5.79E-02,1.59E-01,2.44E-02,6.51E-03,2.21E-02,1.12E-02,1.30E-02,3.92E-02,1.83E-02,2.88E-02,4.20E-02,4.89E-02,3.99E-02,5.22E-02,4.49E-02,2.34E-02,1.14E-02,9.42E-03,3.07E-02,4.51E-02,4.63E-02,2.93E-02,3.66E-02,3.70E-02,3.70E-02,3.70E-02,3.65E-02,3.75E-02,3.70E-02,3.68E-02,3.74E-02,3.67E-02,3.75E-02,3.60E-02,3.70E-02,3.42E-02,3.62E-02,3.62E-02,3.77E-02,3.64E-02,3.64E-02,3.58E-02,3.08E-02,3.68E-02,3.53E-02,3.08E-02,3.68E-02,4.20E-02,3.34E-02,3.66E-02,3.04E-02,3.61E-02,7.87E-03,7.59E-02,4.80E-02,5.71E-02,4.46E-02,4.03E-02,3.75E-02,2.71E-02,2.95E-03,2.89E-02,5.45E-02,7.39E-02,2.94E-02,5.19E-02,6.27E-02
1864,Ge,Nb,O2N,GeNbO2N,4.102,1.7,1.1,0.28,2.11E-02,4.14E-02,2.60E-02,2.40E-02,2.42E-02,3.99E-02,5.00E-02,4.05E-02,7.17E-03,1.42E-02,1.73E-02,6.90E-02,4.53E-02,4.48E-02,5.20E-02,3.30E-02,4.93E-02,3.68E-02,3.20E-02,2.93E-02,3.79E-02,2.89E-02,3.58E-02,1.55E-02,1.46E-02,2.08E-02,4.17E-02,3.52E-02,4.63E-02,4.88E-02,3.66E-02,3.70E-02,3.70E-02,3.70E-02,3.65E-02,3.75E-02,3.70E-02,3.68E-02,3.74E-02,3.67E-02,3.75E-02,3.60E-02,3.70E-02,3.42E-02,3.62E-02,3.62E-02,3.77E-02,3.64E-02,3.64E-02,3.58E-02,3.08E-02,3.68E-02,3.53E-02,3.08E-02,3.68E-02,4.20E-02,3.34E-02,3.66E-02,3.04E-02,3.61E-02,4.64E-02,8.18E-03,2.90E-02,2.50E-02,3.93E-02,-1.41E-03,3.49E-02,3.80E-02,1.01E-02,4.24E-02,5.26E-03,1.54E-02,3.46E-02,4.33E-02,3.14E-02
13135,K,Te,O2F,KTeO2F,4.428,0.7,0.7,0.62,6.01E-02,1.38E-02,4.20E-03,1.29E-02,8.24E-02,1.61E-02,1.90E-03,2.23E-02,1.03E-01,3.37E-02,2.96E-02,5.05E-03,1.85E-02,1.12E-02,1.30E-02,5.00E-02,1.24E-02,2.68E-02,4.40E-02,5.49E-02,7.51E-02,5.53E-02,4.68E-02,4.00E-02,1.11E-02,9.11E-04,2.71E-02,4.62E-02,5.55E-02,3.90E-02,3.66E-02,3.70E-02,3.70E-02,3.70E-02,3.65E-02,3.75E-02,3.70E-02,3.68E-02,3.74E-02,3.67E-02,3.75E-02,3.60E-02,3.70E-02,3.42E-02,3.62E-02,3.62E-02,3.77E-02,3.64E-02,3.64E-02,3.58E-02,3.08E-02,3.68E-02,3.53E-02,3.08E-02,3.68E-02,4.20E-02,3.34E-02,3.66E-02,3.04E-02,3.61E-02,3.61E-02,8.99E-03,3.93E-02,3.39E-02,2.85E-02,6.59E-02,3.96E-02,4.55E-02,7.59E-02,3.35E-02,5.65E-03,1.11E-02,4.53E-02,8.65E-03,1.05E-02
13962,Y,As,O3,YAsO3,4.147,1.2,0.9,0.74,4.06E-02,4.81E-02,2.18E-02,2.93E-02,3.59E-02,0.00E+00,7.60E-03,3.27E-02,1.42E-02,1.34E-02,4.96E-03,3.72E-02,2.75E-02,3.36E-02,3.90E-02,2.99E-02,8.61E-03,2.48E-02,2.58E-02,3.48E-02,3.04E-02,5.16E-02,5.10E-02,3.28E-02,1.81E-02,1.94E-02,4.29E-02,4.76E-02,4.63E-02,2.93E-02,3.66E-02,3.70E-02,3.70E-02,3.70E-02,3.65E-02,3.75E-02,3.70E-02,3.68E-02,3.74E-02,3.67E-02,3.75E-02,3.60E-02,3.70E-02,3.42E-02,3.62E-02,3.62E-02,3.77E-02,3.64E-02,3.64E-02,3.58E-02,3.08E-02,3.68E-02,3.53E-02,3.08E-02,3.68E-02,4.20E-02,3.34E-02,3.66E-02,3.04E-02,3.61E-02,3.80E-02,9.53E-03,3.31E-02,2.85E-02,3.01E-02,2.83E-02,3.70E-02,3.56E-02,3.29E-02,3.74E-02,5.42E-02,9.48E-03,3.92E-02,1.73E-02,2.09E-02
10259,Ca,Ti,O2S,CaTiO2S,4.313,3.2,3.1,0.36,3.98E-02,2.34E-02,7.57E-03,1.32E-02,4.81E-02,-5.19E-02,4.43E-03,3.13E-02,2.81E-02,2.88E-02,5.77E-02,1.85E-02,2.25E-02,2.24E-02,2.60E-02,3.14E-02,3.50E-02,1.95E-02,1.65E-02,2.85E-02,7.90E-03,2.64E-02,3.55E-02,1.83E-02,2.87E-02,8.49E-03,2.88E-02,3.39E-02,3.70E-02,3.90E-02,3.66E-02,3.70E-02,3.70E-02,3.70E-02,3.65E-02,3.75E-02,3.70E-02,3.68E-02,3.74E-02,3.67E-02,3.75E-02,3.60E-02,3.70E-02,3.42E-02,3.62E-02,3.62E-02,3.77E-02,3.64E-02,3.64E-02,3.58E-02,3.08E-02,3.68E-02,3.53E-02,3.08E-02,3.68E-02,4.20E-02,3.34E-02,3.66E-02,3.04E-02,3.61E-02,7.87E-03,7.59E-02,4.80E-02,5.71E-02,4.46E-02,4.03E-02,3.75E-02,2.71E-02,2.95E-03,2.89E-02,5.45E-02,7.39E-02,2.94E-02,5.19E-02,6.27E-02
14889,As,B,O3,AsBO3,3.506,3.2,2.7,1.08,2.31E-02,1.17E-02,2.82E-02,2.47E-02,2.34E-02,2.56E-02,5.32E-02,5.03E-02,1.94E-02,1.47E-02,1.44E-02,6.01E-02,4.87E-02,5.60E-02,3.90E-02,1.19E-02,4.20E-02,1.01E-02,3.73E-03,1.25E-02,1.07E-02,4.43E-02,2.75E-02,1.00E-02,5.64E-02,1.05E-02,3.50E-02,4.49E-02,2.78E-02,2.93E-02,3.66E-02,3.70E-02,3.70E-02,3.70E-02,3.65E-02,3.75E-02,3.70E-02,3.68E-02,3.74E-02,3.67E-02,3.75E-02,3.60E-02,3.70E-02,3.42E-02,3.62E-02,3.62E-02,3.77E-02,3.64E-02,3.64E-02,3.58E-02,3.08E-02,3.68E-02,3.53E-02,3.08E-02,3.68E-02,4.20E-02,3.34E-02,3.66E-02,3.04E-02,3.61E-02,3.80E-02,9.53E-03,3.31E-02,2.85E-02,3.01E-02,2.83E-02,3.70E-02,3.56E-02,3.29E-02,3.74E-02,5.42E-02,9.48E-03,3.92E-02,1.73E-02,2.09E-02
2173,Zr,Sc,O2N,ZrScO2N,4.087,1.7,0.9,0.68,3.35E-02,6.23E-02,3.18E-02,3.01E-02,2.53E-02,1.66E-02,2.79E-02,3.25E-02,7.17E-03,1.24E-02,6.55E-03,4.55E-02,3.00E-02,4.48E-02,5.20E-02,3.86E-02,3.05E-02,1.29E-02,1.55E-02,4.03E-02,7.15E-03,6.76E-03,3.40E-02,2.13E-02,3.12E-02,6.12E-03,2.50E-02,2.99E-02,2.78E-02,2.93E-02,3.66E-02,3.70E-02,3.70E-02,3.70E-02,3.65E-02,3.75E-02,3.70E-02,3.68E-02,3.74E-02,3.67E-02,3.75E-02,3.60E-02,3.70E-02,3.42E-02,3.62E-02,3.62E-02,3.77E-02,3.64E-02,3.64E-02,3.58E-02,3.08E-02,3.68E-02,3.53E-02,3.08E-02,3.68E-02,4.20E-02,3.34E-02,3.66E-02,3.04E-02,3.61E-02,4.64E-02,8.18E-03,2.90E-02,2.50E-02,3.93E-02,-1.41E-03,3.49E-02,3.80E-02,1.01E-02,4.24E-02,5.26E-03,1.54E-02,3.46E-02,4.33E-02,3.14E-02
14171,As,Sc,O3,AsScO3,4.036,1.2,0.8,1.22,2.31E-02,1.17E-02,2.82E-02,2.47E-02,2.34E-02,2.56E-02,5.32E-02,5.03E-02,1.94E-02,1.47E-02,1.44E-02,6.01E-02,4.87E-02,5.60E-02,3.90E-02,3.86E-02,3.05E-02,1.29E-02,1.55E-02,4.03E-02,7.15E-03,6.76E-03,3.40E-02,2.13E-02,3.12E-02,6.12E-03,2.50E-02,2.99E-02,2.78E-02,2.93E-02,3.66E-02,3.70E-02,3.70E-02,3.70E-02,3.65E-02,3.75E-02,3.70E-02,3.68E-02,3.74E-02,3.67E-02,3.75E-02,3.60E-02,3.70E-02,3.42E-02,3.62E-02,3.62E-02,3.77E-02,3.64E-02,3.64E-02,3.58E-02,3.08E-02,3.68E-02,3.53E-02,3.08E-02,3.68E-02,4.20E-02,3.34E-02,3.66E-02,3.04E-02,3.61E-02,3.80E-02,9.53E-03,3.31E-02,2.85E-02,3.01E-02,2.83E-02,3.70E-02,3.56E-02,3.29E-02,3.74E-02,5.42E-02,9.48E-03,3.92E-02,1.73E-02,2.09E-02
17171,Zr,Ta,N3,ZrTaN3,4.078,0.6,0.3,0.42,3.35E-02,6.23E-02,3.18E-02,3.01E-02,2.53E-02,1.66E-02,2.79E-02,3.25E-02,7.17E-03,1.24E-02,6.55E-03,4.55E-02,3.00E-02,4.48E-02,5.20E-02,3.30E-02,5.63E-02,7.16E-02,6.24E-02,2.85E-02,2.37E-02,2.95E-02,4.10E-02,1.34E-02,7.69E-03,2.23E-02,5.58E-02,3.30E-02,4.63E-02,4.88E-02,4.47E-02,3.18E-02,3.24E-02,3.24E-02,4.77E-02,-1.86E-03,3.48E-02,3.93E-02,1.15E-02,4.16E-02,3.64E-03,5.83E-02,3.27E-02,8.55E-02,5.43E-02,4.42E-02,3.23E-02,3.19E-02,3.19E-02,4.67E-02,-1.53E-03,3.47E-02,3.77E-02,9.48E-03,4.16E-02,4.08E-03,5.41E-02,3.23E-02,7.60E-02,5.42E-02,4.64E-02,8.18E-03,2.90E-02,2.50E-02,3.93E-02,-1.41E-03,3.49E-02,3.80E-02,1.01E-02,4.24E-02,5.26E-03,1.54E-02,3.46E-02,4.33E-02,3.14E-02
15231,Ba,Hf,O3,BaHfO3,4.22,6.8,6.7,-0.26,5.66E-02,2.77E-02,1.75E-02,4.53E-02,6.85E-02,-1.73E-02,5.70E-03,2.67E-02,2.59E-02,9.08E-03,5.31E-03,1.74E-02,2.01E-02,2.24E-02,2.60E-02,4.28E-02,4.79E-02,5.72E-02,6.15E-02,3.63E-02,0.00E+00,2.77E-02,3.46E-02,1.26E-02,7.69E-03,8.92E-03,3.37E-02,2.86E-02,3.70E-02,3.90E-02,3.66E-02,3.70E-02,3.70E-02,3.70E-02,3.65E-02,3.75E-02,3.70E-02,3.68E-02,3.74E-02,3.67E-02,3.75E-02,3.60E-02,3.70E-02,3.42E-02,3.62E-02,3.62E-02,3.77E-02,3.64E-02,3.64E-02,3.58E-02,3.08E-02,3.68E-02,3.53E-02,3.08E-02,3.68E-02,4.20E-02,3.34E-02,3.66E-02,3.04E-02,3.61E-02,3.80E-02,9.53E-03,3.31E-02,2.85E-02,3.01E-02,2.83E-02,3.70E-02,3.56E-02,3.29E-02,3.74E-02,5.42E-02,9.48E-03,3.92E-02,1.73E-02,2.09E-02
3659,Hg,Ti,OFN,HgTiOFN,4.098,1.1,0.5,0.38,4.06E-02,8.39E-03,6.62E-02,6.62E-02,2.59E-02,0.00E+00,4.50E-02,5.35E-02,6.17E-02,6.23E-03,2.41E-03,4.97E-03,4.51E-02,2.24E-02,2.60E-02,3.14E-02,3.50E-02,1.95E-02,1.65E-02,2.85E-02,7.90E-03,2.64E-02,3.55E-02,1.83E-02,2.87E-02,8.49E-03,2.88E-02,3.39E-02,3.70E-02,3.90E-02,3.66E-02,3.70E-02,3.70E-02,3.70E-02,3.65E-02,3.75E-02,3.70E-02,3.68E-02,3.74E-02,3.67E-02,3.75E-02,3.60E-02,3.70E-02,3.42E-02,3.62E-02,3.43E-02,3.55E-02,4.32E-02,4.33E-02,3.39E-02,7.17E-02,3.93E-02,4.51E-02,7.11E-02,3.29E-02,4.38E-03,3.91E-02,4.23E-02,1.52E-02,1.81E-02,4.64E-02,8.18E-03,2.90E-02,2.50E-02,3.93E-02,-1.41E-03,3.49E-02,3.80E-02,1.01E-02,4.24E-02,5.26E-03,1.54E-02,3.46E-02,4.33E-02,3.14E-02
8481,Sc,Sc,O2S,ScScO2S,4.337,2.4,1.7,0.86,2.99E-02,4.14E-02,1.46E-02,1.48E-02,2.71E-02,6.02E-03,6.97E-03,3.35E-02,1.26E-02,2.53E-02,4.56E-03,3.49E-02,3.07E-02,3.36E-02,3.90E-02,3.86E-02,3.05E-02,1.29E-02,1.55E-02,4.03E-02,7.15E-03,6.76E-03,3.40E-02,2.13E-02,3.12E-02,6.12E-03,2.50E-02,2.99E-02,2.78E-02,2.93E-02,3.66E-02,3.70E-02,3.70E-02,3.70E-02,3.65E-02,3.75E-02,3.70E-02,3.68E-02,3.74E-02,3.67E-02,3.75E-02,3.60E-02,3.70E-02,3.42E-02,3.62E-02,3.62E-02,3.77E-02,3.64E-02,3.64E-02,3.58E-02,3.08E-02,3.68E-02,3.53E-02,3.08E-02,3.68E-02,4.20E-02,3.34E-02,3.66E-02,3.04E-02,3.61E-02,7.87E-03,7.59E-02,4.80E-02,5.71E-02,4.46E-02,4.03E-02,3.75E-02,2.71E-02,2.95E-03,2.89E-02,5.45E-02,7.39E-02,2.94E-02,5.19E-02,6.27E-02
8937,Be,Hf,O2S,BeHfO2S,4.393,3.4,2.8,0.96,1.79E-02,4.32E-02,9.04E-03,2.97E-03,8.83E-03,-7.99E-02,4.24E-02,4.78E-02,1.42E-02,8.12E-02,5.77E-02,2.54E-02,3.54E-02,2.24E-02,2.60E-02,4.28E-02,4.79E-02,5.72E-02,6.15E-02,3.63E-02,0.00E+00,2.77E-02,3.46E-02,1.26E-02,7.69E-03,8.92E-03,3.37E-02,2.86E-02,3.70E-02,3.90E-02,3.66E-02,3.70E-02,3.70E-02,3.70E-02,3.65E-02,3.75E-02,3.70E-02,3.68E-02,3.74E-02,3.67E-02,3.75E-02,3.60E-02,3.70E-02,3.42E-02,3.62E-02,3.62E-02,3.77E-02,3.64E-02,3.64E-02,3.58E-02,3.08E-02,3.68E-02,3.53E-02,3.08E-02,3.68E-02,4.20E-02,3.34E-02,3.66E-02,3.04E-02,3.61E-02,7.87E-03,7.59E-02,4.80E-02,5.71E-02,4.46E-02,4.03E-02,3.75E-02,2.71E-02,2.95E-03,2.89E-02,5.45E-02,7.39E-02,2.94E-02,5.19E-02,6.27E-02
403,Zr,In,O2N,ZrInO2N,4.189,1.3,0.6,1.04,3.35E-02,6.23E-02,3.18E-02,3.01E-02,2.53E-02,1.66E-02,2.79E-02,3.25E-02,7.17E-03,1.24E-02,6.55E-03,4.55E-02,3.00E-02,4.48E-02,5.20E-02,4.12E-02,2.31E-02,3.14E-02,3.96E-02,4.22E-02,1.15E-02,4.61E-02,3.01E-02,6.84E-02,1.28E-02,3.16E-02,5.05E-03,3.92E-02,2.78E-02,2.93E-02,3.66E-02,3.70E-02,3.70E-02,3.70E-02,3.65E-02,3.75E-02,3.70E-02,3.68E-02,3.74E-02,3.67E-02,3.75E-02,3.60E-02,3.70E-02,3.42E-02,3.62E-02,3.62E-02,3.77E-02,3.64E-02,3.64E-02,3.58E-02,3.08E-02,3.68E-02,3.53E-02,3.08E-02,3.68E-02,4.20E-02,3.34E-02,3.66E-02,3.04E-02,3.61E-02,4.64E-02,8.18E-03,2.90E-02,2.50E-02,3.93E-02,-1.41E-03,3.49E-02,3.80E-02,1.01E-02,4.24E-02,5.26E-03,1.54E-02,3.46E-02,4.33E-02,3.14E-02
5061,Li,Ta,OFN,LiTaOFN,4.1,1.8,1.7,0.52,3.03E-02,2.15E-02,2.59E-03,2.29E-03,2.35E-02,1.99E-02,6.33E-04,2.76E-02,5.79E-02,1.59E-01,2.44E-02,6.51E-03,2.21E-02,1.12E-02,1.30E-02,3.30E-02,5.63E-02,7.16E-02,6.24E-02,2.85E-02,2.37E-02,2.95E-02,4.10E-02,1.34E-02,7.69E-03,2.23E-02,5.58E-02,3.30E-02,4.63E-02,4.88E-02,3.66E-02,3.70E-02,3.70E-02,3.70E-02,3.65E-02,3.75E-02,3.70E-02,3.68E-02,3.74E-02,3.67E-02,3.75E-02,3.60E-02,3.70E-02,3.42E-02,3.62E-02,3.43E-02,3.55E-02,4.32E-02,4.33E-02,3.39E-02,7.17E-02,3.93E-02,4.51E-02,7.11E-02,3.29E-02,4.38E-03,3.91E-02,4.23E-02,1.52E-02,1.81E-02,4.64E-02,8.18E-03,2.90E-02,2.50E-02,3.93E-02,-1.41E-03,3.49E-02,3.80E-02,1.01E-02,4.24E-02,5.26E-03,1.54E-02,3.46E-02,4.33E-02,3.14E-02
12347,Si,In,O2F,SiInO2F,4.238,2.5,2,1.54,1.04E-02,3.50E-02,1.14E-02,9.27E-03,2.18E-02,4.45E-02,4.94E-02,4.18E-02,3.27E-03,3.12E-02,4.27E-02,1.09E-01,4.28E-02,4.48E-02,5.20E-02,4.12E-02,2.31E-02,3.14E-02,3.96E-02,4.22E-02,1.15E-02,4.61E-02,3.01E-02,6.84E-02,1.28E-02,3.16E-02,5.05E-03,3.92E-02,2.78E-02,2.93E-02,3.66E-02,3.70E-02,3.70E-02,3.70E-02,3.65E-02,3.75E-02,3.70E-02,3.68E-02,3.74E-02,3.67E-02,3.75E-02,3.60E-02,3.70E-02,3.42E-02,3.62E-02,3.62E-02,3.77E-02,3.64E-02,3.64E-02,3.58E-02,3.08E-02,3.68E-02,3.53E-02,3.08E-02,3.68E-02,4.20E-02,3.34E-02,3.66E-02,3.04E-02,3.61E-02,3.61E-02,8.99E-03,3.93E-02,3.39E-02,2.85E-02,6.59E-02,3.96E-02,4.55E-02,7.59E-02,3.35E-02,5.65E-03,1.11E-02,4.53E-02,8.65E-03,1.05E-02
11977,Rb,Zr,O2F,RbZrO2F,4.323,5.8,5.3,0.34,6.41E-02,1.28E-02,7.48E-03,2.82E-02,1.01E-01,1.56E-02,2.53E-03,2.14E-02,1.15E-01,1.62E-02,1.68E-02,5.07E-03,1.85E-02,4.48E-02,1.30E-02,4.33E-02,4.60E-02,2.80E-02,3.14E-02,3.75E-02,1.98E-02,2.70E-02,3.30E-02,1.21E-02,1.53E-02,8.80E-03,3.26E-02,2.93E-02,3.70E-02,3.90E-02,3.66E-02,3.70E-02,3.70E-02,3.70E-02,3.65E-02,3.75E-02,3.70E-02,3.68E-02,3.74E-02,3.67E-02,3.75E-02,3.60E-02,3.70E-02,3.42E-02,3.62E-02,3.62E-02,3.77E-02,3.64E-02,3.64E-02,3.58E-02,3.08E-02,3.68E-02,3.53E-02,3.08E-02,3.68E-02,4.20E-02,3.34E-02,3.66E-02,3.04E-02,3.61E-02,3.61E-02,8.99E-03,3.93E-02,3.39E-02,2.85E-02,6.59E-02,3.96E-02,4.55E-02,7.59E-02,3.35E-02,5.65E-03,1.11E-02,4.53E-02,8.65E-03,1.05E-02
10662,Y,Na,O2S,YNaO2S,4.363,1.1,0.8,1.26,4.06E-02,4.81E-02,2.18E-02,2.93E-02,3.59E-02,0.00E+00,7.60E-03,3.27E-02,1.42E-02,1.34E-02,4.96E-03,3.72E-02,2.75E-02,3.36E-02,3.90E-02,5.26E-02,1.14E-02,4.17E-03,7.93E-03,6.43E-02,2.08E-02,1.23E-03,2.67E-02,1.51E-01,6.76E-02,5.47E-02,4.03E-03,2.05E-02,9.26E-03,9.76E-03,3.66E-02,3.70E-02,3.70E-02,3.70E-02,3.65E-02,3.75E-02,3.70E-02,3.68E-02,3.74E-02,3.67E-02,3.75E-02,3.60E-02,3.70E-02,3.42E-02,3.62E-02,3.62E-02,3.77E-02,3.64E-02,3.64E-02,3.58E-02,3.08E-02,3.68E-02,3.53E-02,3.08E-02,3.68E-02,4.20E-02,3.34E-02,3.66E-02,3.04E-02,3.61E-02,7.87E-03,7.59E-02,4.80E-02,5.71E-02,4.46E-02,4.03E-02,3.75E-02,2.71E-02,2.95E-03,2.89E-02,5.45E-02,7.39E-02,2.94E-02,5.19E-02,6.27E-02
13034,Li,Si,O2F,LiSiO2F,3.569,6.6,5.3,0.62,3.03E-02,2.15E-02,2.59E-03,2.29E-03,2.35E-02,1.99E-02,6.33E-04,2.76E-02,5.79E-02,1.59E-01,2.44E-02,6.51E-03,2.21E-02,1.12E-02,1.30E-02,1.34E-02,2.58E-02,1.00E-02,9.68E-03,3.24E-02,5.28E-02,4.79E-02,4.24E-02,5.54E-03,3.85E-02,5.74E-02,7.78E-02,4.18E-02,3.70E-02,3.90E-02,3.66E-02,3.70E-02,3.70E-02,3.70E-02,3.65E-02,3.75E-02,3.70E-02,3.68E-02,3.74E-02,3.67E-02,3.75E-02,3.60E-02,3.70E-02,3.42E-02,3.62E-02,3.62E-02,3.77E-02,3.64E-02,3.64E-02,3.58E-02,3.08E-02,3.68E-02,3.53E-02,3.08E-02,3.68E-02,4.20E-02,3.34E-02,3.66E-02,3.04E-02,3.61E-02,3.61E-02,8.99E-03,3.93E-02,3.39E-02,2.85E-02,6.59E-02,3.96E-02,4.55E-02,7.59E-02,3.35E-02,5.65E-03,1.11E-02,4.53E-02,8.65E-03,1.05E-02
12262,Ag,Sn,O2F,AgSnO2F,4.18,1.4,0.5,0.52,4.58E-02,3.24E-02,5.13E-02,3.56E-02,1.85E-02,4.18E-02,4.12E-02,3.88E-02,2.38E-02,1.05E-02,1.24E-01,2.45E-02,4.35E-02,2.24E-02,1.30E-02,3.66E-02,2.83E-02,3.14E-02,4.09E-02,4.37E-02,4.78E-02,4.92E-02,3.82E-02,4.69E-02,1.25E-02,2.58E-02,1.12E-02,4.31E-02,3.70E-02,3.90E-02,3.66E-02,3.70E-02,3.70E-02,3.70E-02,3.65E-02,3.75E-02,3.70E-02,3.68E-02,3.74E-02,3.67E-02,3.75E-02,3.60E-02,3.70E-02,3.42E-02,3.62E-02,3.62E-02,3.77E-02,3.64E-02,3.64E-02,3.58E-02,3.08E-02,3.68E-02,3.53E-02,3.08E-02,3.68E-02,4.20E-02,3.34E-02,3.66E-02,3.04E-02,3.61E-02,3.61E-02,8.99E-03,3.93E-02,3.39E-02,2.85E-02,6.59E-02,3.96E-02,4.55E-02,7.59E-02,3.35E-02,5.65E-03,1.11E-02,4.53E-02,8.65E-03,1.05E-02
12575,K,Hf,O2F,KHfO2F,4.235,6.2,5.7,0.3,6.01E-02,1.38E-02,4.20E-03,1.29E-02,8.24E-02,1.61E-02,1.90E-03,2.23E-02,1.03E-01,3.37E-02,2.96E-02,5.05E-03,1.85E-02,1.12E-02,1.30E-02,4.28E-02,4.79E-02,5.72E-02,6.15E-02,3.63E-02,0.00E+00,2.77E-02,3.46E-02,1.26E-02,7.69E-03,8.92E-03,3.37E-02,2.86E-02,3.70E-02,3.90E-02,3.66E-02,3.70E-02,3.70E-02,3.70E-02,3.65E-02,3.75E-02,3.70E-02,3.68E-02,3.74E-02,3.67E-02,3.75E-02,3.60E-02,3.70E-02,3.42E-02,3.62E-02,3.62E-02,3.77E-02,3.64E-02,3.64E-02,3.58E-02,3.08E-02,3.68E-02,3.53E-02,3.08E-02,3.68E-02,4.20E-02,3.34E-02,3.66E-02,3.04E-02,3.61E-02,3.61E-02,8.99E-03,3.93E-02,3.39E-02,2.85E-02,6.59E-02,3.96E-02,4.55E-02,7.59E-02,3.35E-02,5.65E-03,1.11E-02,4.53E-02,8.65E-03,1.05E-02
514,Pd,Ta,O2N,PdTaO2N,4.122,0.8,0.6,0.46,2.55E-02,4.31E-02,5.86E-02,3.51E-02,1.60E-02,2.00E-02,3.93E-02,4.28E-02,1.49E-02,1.09E-02,2.07E-02,3.63E-02,4.96E-02,4.48E-02,2.60E-02,3.30E-02,5.63E-02,7.16E-02,6.24E-02,2.85E-02,2.37E-02,2.95E-02,4.10E-02,1.34E-02,7.69E-03,2.23E-02,5.58E-02,3.30E-02,4.63E-02,4.88E-02,3.66E-02,3.70E-02,3.70E-02,3.70E-02,3.65E-02,3.75E-02,3.70E-02,3.68E-02,3.74E-02,3.67E-02,3.75E-02,3.60E-02,3.70E-02,3.42E-02,3.62E-02,3.62E-02,3.77E-02,3.64E-02,3.64E-02,3.58E-02,3.08E-02,3.68E-02,3.53E-02,3.08E-02,3.68E-02,4.20E-02,3.34E-02,3.66E-02,3.04E-02,3.61E-02,4.64E-02,8.18E-03,2.90E-02,2.50E-02,3.93E-02,-1.41E-03,3.49E-02,3.80E-02,1.01E-02,4.24E-02,5.26E-03,1.54E-02,3.46E-02,4.33E-02,3.14E-02
2463,Mg,Ta,O2N,MgTaO2N,4.089,2.7,2.1,0.18,2.87E-02,1.84E-02,8.50E-03,8.02E-03,2.55E-02,-7.65E-02,4.31E-02,3.92E-02,3.12E-02,4.54E-02,4.50E-02,1.94E-02,2.95E-02,2.24E-02,2.60E-02,3.30E-02,5.63E-02,7.16E-02,6.24E-02,2.85E-02,2.37E-02,2.95E-02,4.10E-02,1.34E-02,7.69E-03,2.23E-02,5.58E-02,3.30E-02,4.63E-02,4.88E-02,3.66E-02,3.70E-02,3.70E-02,3.70E-02,3.65E-02,3.75E-02,3.70E-02,3.68E-02,3.74E-02,3.67E-02,3.75E-02,3.60E-02,3.70E-02,3.42E-02,3.62E-02,3.62E-02,3.77E-02,3.64E-02,3.64E-02,3.58E-02,3.08E-02,3.68E-02,3.53E-02,3.08E-02,3.68E-02,4.20E-02,3.34E-02,3.66E-02,3.04E-02,3.61E-02,4.64E-02,8.18E-03,2.90E-02,2.50E-02,3.93E-02,-1.41E-03,3.49E-02,3.80E-02,1.01E-02,4.24E-02,5.26E-03,1.54E-02,3.46E-02,4.33E-02,3.14E-02
6402,Sc,Sb,ON2,ScSbON2,4.038,1.9,1.2,0.94,2.99E-02,4.14E-02,1.46E-02,1.48E-02,2.71E-02,6.02E-03,6.97E-03,3.35E-02,1.26E-02,2.53E-02,4.56E-03,3.49E-02,3.07E-02,3.36E-02,3.90E-02,3.92E-02,1.83E-02,2.88E-02,4.20E-02,4.89E-02,3.99E-02,5.22E-02,4.49E-02,2.34E-02,1.14E-02,9.42E-03,3.07E-02,4.51E-02,4.63E-02,2.93E-02,3.66E-02,3.70E-02,3.70E-02,3.70E-02,3.65E-02,3.75E-02,3.70E-02,3.68E-02,3.74E-02,3.67E-02,3.75E-02,3.60E-02,3.70E-02,3.42E-02,3.62E-02,4.42E-02,3.23E-02,3.19E-02,3.19E-02,4.67E-02,-1.53E-03,3.47E-02,3.77E-02,9.48E-03,4.16E-02,4.08E-03,5.41E-02,3.23E-02,7.60E-02,5.42E-02,4.64E-02,8.18E-03,2.90E-02,2.50E-02,3.93E-02,-1.41E-03,3.49E-02,3.80E-02,1.01E-02,4.24E-02,5.26E-03,1.54E-02,3.46E-02,4.33E-02,3.14E-02
11071,Pb,Al,O2F,PbAlO2F,3.893,4.7,4.2,0.2,4.74E-02,2.69E-02,5.54E-02,6.84E-02,3.30E-02,3.66E-02,5.13E-02,3.80E-02,3.63E-02,5.74E-03,1.02E-02,1.03E-02,5.25E-02,4.48E-02,2.60E-02,2.78E-02,2.69E-02,1.16E-02,9.30E-03,2.69E-02,1.78E-02,4.49E-02,3.11E-02,4.92E-02,4.94E-02,9.19E-02,1.66E-02,3.54E-02,2.78E-02,2.93E-02,3.66E-02,3.70E-02,3.70E-02,3.70E-02,3.65E-02,3.75E-02,3.70E-02,3.68E-02,3.74E-02,3.67E-02,3.75E-02,3.60E-02,3.70E-02,3.42E-02,3.62E-02,3.62E-02,3.77E-02,3.64E-02,3.64E-02,3.58E-02,3.08E-02,3.68E-02,3.53E-02,3.08E-02,3.68E-02,4.20E-02,3.34E-02,3.66E-02,3.04E-02,3.61E-02,3.61E-02,8.99E-03,3.93E-02,3.39E-02,2.85E-02,6.59E-02,3.96E-02,4.55E-02,7.59E-02,3.35E-02,5.65E-03,1.11E-02,4.53E-02,8.65E-03,1.05E-02
10097,Hg,Zr,O2S,HgZrO2S,4.589,1.5,0.8,0.66,4.06E-02,8.39E-03,6.62E-02,6.62E-02,2.59E-02,0.00E+00,4.50E-02,5.35E-02,6.17E-02,6.23E-03,2.41E-03,4.97E-03,4.51E-02,2.24E-02,2.60E-02,4.33E-02,4.60E-02,2.80E-02,3.14E-02,3.75E-02,1.98E-02,2.70E-02,3.30E-02,1.21E-02,1.53E-02,8.80E-03,3.26E-02,2.93E-02,3.70E-02,3.90E-02,3.66E-02,3.70E-02,3.70E-02,3.70E-02,3.65E-02,3.75E-02,3.70E-02,3.68E-02,3.74E-02,3.67E-02,3.75E-02,3.60E-02,3.70E-02,3.42E-02,3.62E-02,3.62E-02,3.77E-02,3.64E-02,3.64E-02,3.58E-02,3.08E-02,3.68E-02,3.53E-02,3.08E-02,3.68E-02,4.20E-02,3.34E-02,3.66E-02,3.04E-02,3.61E-02,7.87E-03,7.59E-02,4.80E-02,5.71E-02,4.46E-02,4.03E-02,3.75E-02,2.71E-02,2.95E-03,2.89E-02,5.45E-02,7.39E-02,2.94E-02,5.19E-02,6.27E-02
12767,Mg,In,O2F,MgInO2F,4.226,2.7,1.7,0.9,2.87E-02,1.84E-02,8.50E-03,8.02E-03,2.55E-02,-7.65E-02,4.31E-02,3.92E-02,3.12E-02,4.54E-02,4.50E-02,1.94E-02,2.95E-02,2.24E-02,2.60E-02,4.12E-02,2.31E-02,3.14E-02,3.96E-02,4.22E-02,1.15E-02,4.61E-02,3.01E-02,6.84E-02,1.28E-02,3.16E-02,5.05E-03,3.92E-02,2.78E-02,2.93E-02,3.66E-02,3.70E-02,3.70E-02,3.70E-02,3.65E-02,3.75E-02,3.70E-02,3.68E-02,3.74E-02,3.67E-02,3.75E-02,3.60E-02,3.70E-02,3.42E-02,3.62E-02,3.62E-02,3.77E-02,3.64E-02,3.64E-02,3.58E-02,3.08E-02,3.68E-02,3.53E-02,3.08E-02,3.68E-02,4.20E-02,3.34E-02,3.66E-02,3.04E-02,3.61E-02,3.61E-02,8.99E-03,3.93E-02,3.39E-02,2.85E-02,6.59E-02,3.96E-02,4.55E-02,7.59E-02,3.35E-02,5.65E-03,1.11E-02,4.53E-02,8.65E-03,1.05E-02
10970,Si,Sc,O2F,SiScO2F,4.116,2.9,2.3,1.12,1.04E-02,3.50E-02,1.14E-02,9.27E-03,2.18E-02,4.45E-02,4.94E-02,4.18E-02,3.27E-03,3.12E-02,4.27E-02,1.09E-01,4.28E-02,4.48E-02,5.20E-02,3.86E-02,3.05E-02,1.29E-02,1.55E-02,4.03E-02,7.15E-03,6.76E-03,3.40E-02,2.13E-02,3.12E-02,6.12E-03,2.50E-02,2.99E-02,2.78E-02,2.93E-02,3.66E-02,3.70E-02,3.70E-02,3.70E-02,3.65E-02,3.75E-02,3.70E-02,3.68E-02,3.74E-02,3.67E-02,3.75E-02,3.60E-02,3.70E-02,3.42E-02,3.62E-02,3.62E-02,3.77E-02,3.64E-02,3.64E-02,3.58E-02,3.08E-02,3.68E-02,3.53E-02,3.08E-02,3.68E-02,4.20E-02,3.34E-02,3.66E-02,3.04E-02,3.61E-02,3.61E-02,8.99E-03,3.93E-02,3.39E-02,2.85E-02,6.59E-02,3.96E-02,4.55E-02,7.59E-02,3.35E-02,5.65E-03,1.11E-02,4.53E-02,8.65E-03,1.05E-02
4984,As,B,OFN,AsBOFN,3.608,1.1,0.3,1.3,2.31E-02,1.17E-02,2.82E-02,2.47E-02,2.34E-02,2.56E-02,5.32E-02,5.03E-02,1.94E-02,1.47E-02,1.44E-02,6.01E-02,4.87E-02,5.60E-02,3.90E-02,1.19E-02,4.20E-02,1.01E-02,3.73E-03,1.25E-02,1.07E-02,4.43E-02,2.75E-02,1.00E-02,5.64E-02,1.05E-02,3.50E-02,4.49E-02,2.78E-02,2.93E-02,3.66E-02,3.70E-02,3.70E-02,3.70E-02,3.65E-02,3.75E-02,3.70E-02,3.68E-02,3.74E-02,3.67E-02,3.75E-02,3.60E-02,3.70E-02,3.42E-02,3.62E-02,3.43E-02,3.55E-02,4.32E-02,4.33E-02,3.39E-02,7.17E-02,3.93E-02,4.51E-02,7.11E-02,3.29E-02,4.38E-03,3.91E-02,4.23E-02,1.52E-02,1.81E-02,4.64E-02,8.18E-03,2.90E-02,2.50E-02,3.93E-02,-1.41E-03,3.49E-02,3.80E-02,1.01E-02,4.24E-02,5.26E-03,1.54E-02,3.46E-02,4.33E-02,3.14E-02
13390,Pb,La,O2F,PbLaO2F,4.723,1.6,1.6,0.54,4.74E-02,2.69E-02,5.54E-02,6.84E-02,3.30E-02,3.66E-02,5.13E-02,3.80E-02,3.63E-02,5.74E-03,1.02E-02,1.03E-02,5.25E-02,4.48E-02,2.60E-02,5.98E-02,3.67E-02,2.64E-02,4.79E-02,6.05E-02,1.98E-02,7.99E-03,2.90E-02,1.11E-02,1.04E-02,5.23E-03,1.75E-02,2.42E-02,2.78E-02,2.93E-02,3.66E-02,3.70E-02,3.70E-02,3.70E-02,3.65E-02,3.75E-02,3.70E-02,3.68E-02,3.74E-02,3.67E-02,3.75E-02,3.60E-02,3.70E-02,3.42E-02,3.62E-02,3.62E-02,3.77E-02,3.64E-02,3.64E-02,3.58E-02,3.08E-02,3.68E-02,3.53E-02,3.08E-02,3.68E-02,4.20E-02,3.34E-02,3.66E-02,3.04E-02,3.61E-02,3.61E-02,8.99E-03,3.93E-02,3.39E-02,2.85E-02,6.59E-02,3.96E-02,4.55E-02,7.59E-02,3.35E-02,5.65E-03,1.11E-02,4.53E-02,8.65E-03,1.05E-02
13819,Be,Si,O3,BeSiO3,3.496,5,4.2,1.24,1.79E-02,4.32E-02,9.04E-03,2.97E-03,8.83E-03,-7.99E-02,4.24E-02,4.78E-02,1.42E-02,8.12E-02,5.77E-02,2.54E-02,3.54E-02,2.24E-02,2.60E-02,1.34E-02,2.58E-02,1.00E-02,9.68E-03,3.24E-02,5.28E-02,4.79E-02,4.24E-02,5.54E-03,3.85E-02,5.74E-02,7.78E-02,4.18E-02,3.70E-02,3.90E-02,3.66E-02,3.70E-02,3.70E-02,3.70E-02,3.65E-02,3.75E-02,3.70E-02,3.68E-02,3.74E-02,3.67E-02,3.75E-02,3.60E-02,3.70E-02,3.42E-02,3.62E-02,3.62E-02,3.77E-02,3.64E-02,3.64E-02,3.58E-02,3.08E-02,3.68E-02,3.53E-02,3.08E-02,3.68E-02,4.20E-02,3.34E-02,3.66E-02,3.04E-02,3.61E-02,3.80E-02,9.53E-03,3.31E-02,2.85E-02,3.01E-02,2.83E-02,3.70E-02,3.56E-02,3.29E-02,3.74E-02,5.42E-02,9.48E-03,3.92E-02,1.73E-02,2.09E-02
9939,Hg,Si,O2S,HgSiO2S,4.123,1.3,0.4,1.06,4.06E-02,8.39E-03,6.62E-02,6.62E-02,2.59E-02,0.00E+00,4.50E-02,5.35E-02,6.17E-02,6.23E-03,2.41E-03,4.97E-03,4.51E-02,2.24E-02,2.60E-02,1.34E-02,2.58E-02,1.00E-02,9.68E-03,3.24E-02,5.28E-02,4.79E-02,4.24E-02,5.54E-03,3.85E-02,5.74E-02,7.78E-02,4.18E-02,3.70E-02,3.90E-02,3.66E-02,3.70E-02,3.70E-02,3.70E-02,3.65E-02,3.75E-02,3.70E-02,3.68E-02,3.74E-02,3.67E-02,3.75E-02,3.60E-02,3.70E-02,3.42E-02,3.62E-02,3.62E-02,3.77E-02,3.64E-02,3.64E-02,3.58E-02,3.08E-02,3.68E-02,3.53E-02,3.08E-02,3.68E-02,4.20E-02,3.34E-02,3.66E-02,3.04E-02,3.61E-02,7.87E-03,7.59E-02,4.80E-02,5.71E-02,4.46E-02,4.03E-02,3.75E-02,2.71E-02,2.95E-03,2.89E-02,5.45E-02,7.39E-02,2.94E-02,5.19E-02,6.27E-02
6546,Au,V,ON2,AuVON2,3.991,0.5,0.5,0.96,3.39E-02,4.17E-02,9.43E-02,6.50E-02,1.84E-02,7.41E-02,4.18E-02,4.73E-02,1.79E-02,5.70E-03,9.15E-02,2.68E-02,5.72E-02,3.36E-02,3.90E-02,2.78E-02,3.59E-02,2.63E-02,1.76E-02,2.23E-02,1.98E-02,2.83E-02,3.50E-02,1.79E-02,2.69E-02,1.19E-02,3.53E-02,3.59E-02,4.63E-02,4.88E-02,3.66E-02,3.70E-02,3.70E-02,3.70E-02,3.65E-02,3.75E-02,3.70E-02,3.68E-02,3.74E-02,3.67E-02,3.75E-02,3.60E-02,3.70E-02,3.42E-02,3.62E-02,4.42E-02,3.23E-02,3.19E-02,3.19E-02,4.67E-02,-1.53E-03,3.47E-02,3.77E-02,9.48E-03,4.16E-02,4.08E-03,5.41E-02,3.23E-02,7.60E-02,5.42E-02,4.64E-02,8.18E-03,2.90E-02,2.50E-02,3.93E-02,-1.41E-03,3.49E-02,3.80E-02,1.01E-02,4.24E-02,5.26E-03,1.54E-02,3.46E-02,4.33E-02,3.14E-02
12610,Na,Te,O2F,NaTeO2F,4.364,0.5,0.5,0.68,4.06E-02,1.54E-02,4.74E-03,7.59E-03,4.33E-02,1.75E-02,1.27E-03,2.63E-02,8.94E-02,5.47E-02,4.07E-02,5.64E-03,2.10E-02,1.12E-02,1.30E-02,5.00E-02,1.24E-02,2.68E-02,4.40E-02,5.49E-02,7.51E-02,5.53E-02,4.68E-02,4.00E-02,1.11E-02,9.11E-04,2.71E-02,4.62E-02,5.55E-02,3.90E-02,3.66E-02,3.70E-02,3.70E-02,3.70E-02,3.65E-02,3.75E-02,3.70E-02,3.68E-02,3.74E-02,3.67E-02,3.75E-02,3.60E-02,3.70E-02,3.42E-02,3.62E-02,3.62E-02,3.77E-02,3.64E-02,3.64E-02,3.58E-02,3.08E-02,3.68E-02,3.53E-02,3.08E-02,3.68E-02,4.20E-02,3.34E-02,3.66E-02,3.04E-02,3.61E-02,3.61E-02,8.99E-03,3.93E-02,3.39E-02,2.85E-02,6.59E-02,3.96E-02,4.55E-02,7.59E-02,3.35E-02,5.65E-03,1.11E-02,4.53E-02,8.65E-03,1.05E-02
14620,La,In,O3,LaInO3,4.249,4.8,4.3,0.2,4.62E-02,4.98E-02,3.00E-02,4.58E-02,4.08E-02,1.66E-02,8.23E-03,2.86E-02,6.55E-03,8.46E-03,3.90E-03,2.45E-02,2.48E-02,3.36E-02,3.90E-02,4.12E-02,2.31E-02,3.14E-02,3.96E-02,4.22E-02,1.15E-02,4.61E-02,3.01E-02,6.84E-02,1.28E-02,3.16E-02,5.05E-03,3.92E-02,2.78E-02,2.93E-02,3.66E-02,3.70E-02,3.70E-02,3.70E-02,3.65E-02,3.75E-02,3.70E-02,3.68E-02,3.74E-02,3.67E-02,3.75E-02,3.60E-02,3.70E-02,3.42E-02,3.62E-02,3.62E-02,3.77E-02,3.64E-02,3.64E-02,3.58E-02,3.08E-02,3.68E-02,3.53E-02,3.08E-02,3.68E-02,4.20E-02,3.34E-02,3.66E-02,3.04E-02,3.61E-02,3.80E-02,9.53E-03,3.31E-02,2.85E-02,3.01E-02,2.83E-02,3.70E-02,3.56E-02,3.29E-02,3.74E-02,5.42E-02,9.48E-03,3.92E-02,1.73E-02,2.09E-02
16508,Bi,W,N3,BiWN3,4.099,0.9,0.3,0.52,4.10E-02,2.45E-02,4.76E-02,6.90E-02,3.85E-02,3.66E-02,5.45E-02,3.74E-02,1.69E-02,5.43E-03,2.27E-03,2.39E-02,4.55E-02,5.60E-02,3.90E-02,3.09E-02,5.72E-02,8.30E-02,6.34E-02,2.56E-02,2.37E-02,3.13E-02,4.15E-02,9.59E-03,7.14E-03,6.74E-02,5.49E-02,5.20E-02,5.55E-02,5.85E-02,4.47E-02,3.18E-02,3.24E-02,3.24E-02,4.77E-02,-1.86E-03,3.48E-02,3.93E-02,1.15E-02,4.16E-02,3.64E-03,5.83E-02,3.27E-02,8.55E-02,5.43E-02,4.42E-02,3.23E-02,3.19E-02,3.19E-02,4.67E-02,-1.53E-03,3.47E-02,3.77E-02,9.48E-03,4.16E-02,4.08E-03,5.41E-02,3.23E-02,7.60E-02,5.42E-02,4.64E-02,8.18E-03,2.90E-02,2.50E-02,3.93E-02,-1.41E-03,3.49E-02,3.80E-02,1.01E-02,4.24E-02,5.26E-03,1.54E-02,3.46E-02,4.33E-02,3.14E-02
9357,Mg,Be,O2S,MgBeO2S,3.901,2.4,1.2,1.06,2.87E-02,1.84E-02,8.50E-03,8.02E-03,2.55E-02,-7.65E-02,4.31E-02,3.92E-02,3.12E-02,4.54E-02,4.50E-02,1.94E-02,2.95E-02,2.24E-02,2.60E-02,2.32E-02,3.19E-02,7.95E-03,3.11E-03,1.31E-02,-9.48E-02,4.12E-02,4.85E-02,2.41E-02,1.00E-01,7.75E-02,1.82E-02,3.46E-02,1.85E-02,1.95E-02,3.66E-02,3.70E-02,3.70E-02,3.70E-02,3.65E-02,3.75E-02,3.70E-02,3.68E-02,3.74E-02,3.67E-02,3.75E-02,3.60E-02,3.70E-02,3.42E-02,3.62E-02,3.62E-02,3.77E-02,3.64E-02,3.64E-02,3.58E-02,3.08E-02,3.68E-02,3.53E-02,3.08E-02,3.68E-02,4.20E-02,3.34E-02,3.66E-02,3.04E-02,3.61E-02,7.87E-03,7.59E-02,4.80E-02,5.71E-02,4.46E-02,4.03E-02,3.75E-02,2.71E-02,2.95E-03,2.89E-02,5.45E-02,7.39E-02,2.94E-02,5.19E-02,6.27E-02
10967,Sn,Sc,O2F,SnScO2F,4.191,3.4,2.9,0.32,2.83E-02,3.83E-02,3.57E-02,3.92E-02,2.94E-02,4.03E-02,5.07E-02,3.77E-02,2.77E-02,1.01E-02,1.92E-02,1.56E-02,4.42E-02,4.48E-02,5.20E-02,3.86E-02,3.05E-02,1.29E-02,1.55E-02,4.03E-02,7.15E-03,6.76E-03,3.40E-02,2.13E-02,3.12E-02,6.12E-03,2.50E-02,2.99E-02,2.78E-02,2.93E-02,3.66E-02,3.70E-02,3.70E-02,3.70E-02,3.65E-02,3.75E-02,3.70E-02,3.68E-02,3.74E-02,3.67E-02,3.75E-02,3.60E-02,3.70E-02,3.42E-02,3.62E-02,3.62E-02,3.77E-02,3.64E-02,3.64E-02,3.58E-02,3.08E-02,3.68E-02,3.53E-02,3.08E-02,3.68E-02,4.20E-02,3.34E-02,3.66E-02,3.04E-02,3.61E-02,3.61E-02,8.99E-03,3.93E-02,3.39E-02,2.85E-02,6.59E-02,3.96E-02,4.55E-02,7.59E-02,3.35E-02,5.65E-03,1.11E-02,4.53E-02,8.65E-03,1.05E-02
6243,Sc,Nb,ON2,ScNbON2,4.101,1.7,1.5,0.42,2.99E-02,4.14E-02,1.46E-02,1.48E-02,2.71E-02,6.02E-03,6.97E-03,3.35E-02,1.26E-02,2.53E-02,4.56E-03,3.49E-02,3.07E-02,3.36E-02,3.90E-02,3.30E-02,4.93E-02,3.68E-02,3.20E-02,2.93E-02,3.79E-02,2.89E-02,3.58E-02,1.55E-02,1.46E-02,2.08E-02,4.17E-02,3.52E-02,4.63E-02,4.88E-02,3.66E-02,3.70E-02,3.70E-02,3.70E-02,3.65E-02,3.75E-02,3.70E-02,3.68E-02,3.74E-02,3.67E-02,3.75E-02,3.60E-02,3.70E-02,3.42E-02,3.62E-02,4.42E-02,3.23E-02,3.19E-02,3.19E-02,4.67E-02,-1.53E-03,3.47E-02,3.77E-02,9.48E-03,4.16E-02,4.08E-03,5.41E-02,3.23E-02,7.60E-02,5.42E-02,4.64E-02,8.18E-03,2.90E-02,2.50E-02,3.93E-02,-1.41E-03,3.49E-02,3.80E-02,1.01E-02,4.24E-02,5.26E-03,1.54E-02,3.46E-02,4.33E-02,3.14E-02
2850,Cd,Si,OFN,CdSiOFN,3.721,1,0.2,0.82,3.78E-02,1.38E-02,4.23E-02,3.71E-02,2.34E-02,0.00E+00,4.43E-02,4.61E-02,3.88E-02,1.03E-02,2.79E-02,1.32E-02,3.81E-02,2.24E-02,2.60E-02,1.34E-02,2.58E-02,1.00E-02,9.68E-03,3.24E-02,5.28E-02,4.79E-02,4.24E-02,5.54E-03,3.85E-02,5.74E-02,7.78E-02,4.18E-02,3.70E-02,3.90E-02,3.66E-02,3.70E-02,3.70E-02,3.70E-02,3.65E-02,3.75E-02,3.70E-02,3.68E-02,3.74E-02,3.67E-02,3.75E-02,3.60E-02,3.70E-02,3.42E-02,3.62E-02,3.43E-02,3.55E-02,4.32E-02,4.33E-02,3.39E-02,7.17E-02,3.93E-02,4.51E-02,7.11E-02,3.29E-02,4.38E-03,3.91E-02,4.23E-02,1.52E-02,1.81E-02,4.64E-02,8.18E-03,2.90E-02,2.50E-02,3.93E-02,-1.41E-03,3.49E-02,3.80E-02,1.01E-02,4.24E-02,5.26E-03,1.54E-02,3.46E-02,4.33E-02,3.14E-02
10791,Mg,Pb,O2S,MgPbO2S,4.674,0.7,0.3,1.18,2.87E-02,1.84E-02,8.50E-03,8.02E-03,2.55E-02,-7.65E-02,4.31E-02,3.92E-02,3.12E-02,4.54E-02,4.50E-02,1.94E-02,2.95E-02,2.24E-02,2.60E-02,6.13E-02,1.99E-02,4.88E-02,7.14E-02,4.90E-02,4.35E-02,4.98E-02,3.86E-02,6.13E-02,7.09E-03,1.37E-02,7.40E-03,5.13E-02,3.70E-02,1.95E-02,3.66E-02,3.70E-02,3.70E-02,3.70E-02,3.65E-02,3.75E-02,3.70E-02,3.68E-02,3.74E-02,3.67E-02,3.75E-02,3.60E-02,3.70E-02,3.42E-02,3.62E-02,3.62E-02,3.77E-02,3.64E-02,3.64E-02,3.58E-02,3.08E-02,3.68E-02,3.53E-02,3.08E-02,3.68E-02,4.20E-02,3.34E-02,3.66E-02,3.04E-02,3.61E-02,7.87E-03,7.59E-02,4.80E-02,5.71E-02,4.46E-02,4.03E-02,3.75E-02,2.71E-02,2.95E-03,2.89E-02,5.45E-02,7.39E-02,2.94E-02,5.19E-02,6.27E-02
8456,Sb,B,O2S,SbBO2S,4.002,0.9,0.6,1.02,3.03E-02,2.48E-02,3.27E-02,4.02E-02,3.29E-02,3.36E-02,5.38E-02,4.43E-02,1.38E-02,9.21E-03,7.01E-03,4.30E-02,4.62E-02,5.60E-02,3.90E-02,1.19E-02,4.20E-02,1.01E-02,3.73E-03,1.25E-02,1.07E-02,4.43E-02,2.75E-02,1.00E-02,5.64E-02,1.05E-02,3.50E-02,4.49E-02,2.78E-02,2.93E-02,3.66E-02,3.70E-02,3.70E-02,3.70E-02,3.65E-02,3.75E-02,3.70E-02,3.68E-02,3.74E-02,3.67E-02,3.75E-02,3.60E-02,3.70E-02,3.42E-02,3.62E-02,3.62E-02,3.77E-02,3.64E-02,3.64E-02,3.58E-02,3.08E-02,3.68E-02,3.53E-02,3.08E-02,3.68E-02,4.20E-02,3.34E-02,3.66E-02,3.04E-02,3.61E-02,7.87E-03,7.59E-02,4.80E-02,5.71E-02,4.46E-02,4.03E-02,3.75E-02,2.71E-02,2.95E-03,2.89E-02,5.45E-02,7.39E-02,2.94E-02,5.19E-02,6.27E-02
4583,Au,Nb,OFN,AuNbOFN,4.194,1,0.9,0.56,3.39E-02,4.17E-02,9.43E-02,6.50E-02,1.84E-02,7.41E-02,4.18E-02,4.73E-02,1.79E-02,5.70E-03,9.15E-02,2.68E-02,5.72E-02,3.36E-02,3.90E-02,3.30E-02,4.93E-02,3.68E-02,3.20E-02,2.93E-02,3.79E-02,2.89E-02,3.58E-02,1.55E-02,1.46E-02,2.08E-02,4.17E-02,3.52E-02,4.63E-02,4.88E-02,3.66E-02,3.70E-02,3.70E-02,3.70E-02,3.65E-02,3.75E-02,3.70E-02,3.68E-02,3.74E-02,3.67E-02,3.75E-02,3.60E-02,3.70E-02,3.42E-02,3.62E-02,3.43E-02,3.55E-02,4.32E-02,4.33E-02,3.39E-02,7.17E-02,3.93E-02,4.51E-02,7.11E-02,3.29E-02,4.38E-03,3.91E-02,4.23E-02,1.52E-02,1.81E-02,4.64E-02,8.18E-03,2.90E-02,2.50E-02,3.93E-02,-1.41E-03,3.49E-02,3.80E-02,1.01E-02,4.24E-02,5.26E-03,1.54E-02,3.46E-02,4.33E-02,3.14E-02
11762,Sr,La,O2F,SrLaO2F,4.718,3.8,3.8,0.66,5.02E-02,2.20E-02,1.24E-02,2.89E-02,6.10E-02,-5.59E-02,5.07E-03,2.92E-02,2.83E-02,1.34E-02,1.02E-03,1.78E-02,2.14E-02,2.24E-02,2.60E-02,5.98E-02,3.67E-02,2.64E-02,4.79E-02,6.05E-02,1.98E-02,7.99E-03,2.90E-02,1.11E-02,1.04E-02,5.23E-03,1.75E-02,2.42E-02,2.78E-02,2.93E-02,3.66E-02,3.70E-02,3.70E-02,3.70E-02,3.65E-02,3.75E-02,3.70E-02,3.68E-02,3.74E-02,3.67E-02,3.75E-02,3.60E-02,3.70E-02,3.42E-02,3.62E-02,3.62E-02,3.77E-02,3.64E-02,3.64E-02,3.58E-02,3.08E-02,3.68E-02,3.53E-02,3.08E-02,3.68E-02,4.20E-02,3.34E-02,3.66E-02,3.04E-02,3.61E-02,3.61E-02,8.99E-03,3.93E-02,3.39E-02,2.85E-02,6.59E-02,3.96E-02,4.55E-02,7.59E-02,3.35E-02,5.65E-03,1.11E-02,4.53E-02,8.65E-03,1.05E-02
11583,Tl,Ag,O2F,TlAgO2F,4.305,0.2,0.2,1.18,6.33E-02,2.32E-02,5.79E-02,6.74E-02,3.11E-02,9.98E-03,4.81E-02,3.13E-02,3.76E-02,5.74E-03,1.33E-02,9.26E-03,4.60E-02,3.36E-02,1.30E-02,5.93E-02,2.39E-02,4.51E-02,3.72E-02,2.75E-02,4.97E-02,4.00E-02,3.94E-02,4.03E-02,1.29E-02,1.66E-01,1.75E-02,4.25E-02,1.85E-02,9.76E-03,3.66E-02,3.70E-02,3.70E-02,3.70E-02,3.65E-02,3.75E-02,3.70E-02,3.68E-02,3.74E-02,3.67E-02,3.75E-02,3.60E-02,3.70E-02,3.42E-02,3.62E-02,3.62E-02,3.77E-02,3.64E-02,3.64E-02,3.58E-02,3.08E-02,3.68E-02,3.53E-02,3.08E-02,3.68E-02,4.20E-02,3.34E-02,3.66E-02,3.04E-02,3.61E-02,3.61E-02,8.99E-03,3.93E-02,3.39E-02,2.85E-02,6.59E-02,3.96E-02,4.55E-02,7.59E-02,3.35E-02,5.65E-03,1.11E-02,4.53E-02,8.65E-03,1.05E-02
9445,Ca,Zn,O2S,CaZnO2S,4.289,0.7,0.5,1.04,3.98E-02,2.34E-02,7.57E-03,1.32E-02,4.81E-02,-5.19E-02,4.43E-03,3.13E-02,2.81E-02,2.88E-02,5.77E-02,1.85E-02,2.25E-02,2.24E-02,2.60E-02,3.81E-02,1.16E-02,3.07E-02,2.25E-02,2.44E-02,0.00E+00,4.24E-02,4.88E-02,6.43E-02,2.13E-02,4.50E-02,1.14E-02,3.63E-02,1.85E-02,1.95E-02,3.66E-02,3.70E-02,3.70E-02,3.70E-02,3.65E-02,3.75E-02,3.70E-02,3.68E-02,3.74E-02,3.67E-02,3.75E-02,3.60E-02,3.70E-02,3.42E-02,3.62E-02,3.62E-02,3.77E-02,3.64E-02,3.64E-02,3.58E-02,3.08E-02,3.68E-02,3.53E-02,3.08E-02,3.68E-02,4.20E-02,3.34E-02,3.66E-02,3.04E-02,3.61E-02,7.87E-03,7.59E-02,4.80E-02,5.71E-02,4.46E-02,4.03E-02,3.75E-02,2.71E-02,2.95E-03,2.89E-02,5.45E-02,7.39E-02,2.94E-02,5.19E-02,6.27E-02
8721,Zn,Be,O2S,ZnBeO2S,3.861,2.1,1.3,1.18,2.95E-02,1.57E-02,3.48E-02,2.16E-02,1.65E-02,0.00E+00,4.37E-02,4.82E-02,3.80E-02,1.73E-02,3.35E-02,1.60E-02,3.72E-02,2.24E-02,2.60E-02,2.32E-02,3.19E-02,7.95E-03,3.11E-03,1.31E-02,-9.48E-02,4.12E-02,4.85E-02,2.41E-02,1.00E-01,7.75E-02,1.82E-02,3.46E-02,1.85E-02,1.95E-02,3.66E-02,3.70E-02,3.70E-02,3.70E-02,3.65E-02,3.75E-02,3.70E-02,3.68E-02,3.74E-02,3.67E-02,3.75E-02,3.60E-02,3.70E-02,3.42E-02,3.62E-02,3.62E-02,3.77E-02,3.64E-02,3.64E-02,3.58E-02,3.08E-02,3.68E-02,3.53E-02,3.08E-02,3.68E-02,4.20E-02,3.34E-02,3.66E-02,3.04E-02,3.61E-02,7.87E-03,7.59E-02,4.80E-02,5.71E-02,4.46E-02,4.03E-02,3.75E-02,2.71E-02,2.95E-03,2.89E-02,5.45E-02,7.39E-02,2.94E-02,5.19E-02,6.27E-02
15579,Cu,Ta,O3,CuTaO3,4,3,2.5,0.22,2.91E-02,3.78E-02,4.38E-02,2.09E-02,1.29E-02,3.94E-02,4.05E-02,3.96E-02,2.08E-02,1.71E-02,1.16E-01,2.85E-02,4.28E-02,2.24E-02,2.60E-02,3.30E-02,5.63E-02,7.16E-02,6.24E-02,2.85E-02,2.37E-02,2.95E-02,4.10E-02,1.34E-02,7.69E-03,2.23E-02,5.58E-02,3.30E-02,4.63E-02,4.88E-02,3.66E-02,3.70E-02,3.70E-02,3.70E-02,3.65E-02,3.75E-02,3.70E-02,3.68E-02,3.74E-02,3.67E-02,3.75E-02,3.60E-02,3.70E-02,3.42E-02,3.62E-02,3.62E-02,3.77E-02,3.64E-02,3.64E-02,3.58E-02,3.08E-02,3.68E-02,3.53E-02,3.08E-02,3.68E-02,4.20E-02,3.34E-02,3.66E-02,3.04E-02,3.61E-02,3.80E-02,9.53E-03,3.31E-02,2.85E-02,3.01E-02,2.83E-02,3.70E-02,3.56E-02,3.29E-02,3.74E-02,5.42E-02,9.48E-03,3.92E-02,1.73E-02,2.09E-02
10900,Ca,Ga,O2F,CaGaO2F,3.925,4.4,3.7,0.24,3.98E-02,2.34E-02,7.57E-03,1.32E-02,4.81E-02,-5.19E-02,4.43E-03,3.13E-02,2.81E-02,2.88E-02,5.77E-02,1.85E-02,2.25E-02,2.24E-02,2.60E-02,3.19E-02,2.43E-02,2.54E-02,2.40E-02,3.17E-02,1.15E-02,4.55E-02,3.12E-02,4.20E-02,2.04E-02,1.57E-02,8.67E-03,3.98E-02,2.78E-02,2.93E-02,3.66E-02,3.70E-02,3.70E-02,3.70E-02,3.65E-02,3.75E-02,3.70E-02,3.68E-02,3.74E-02,3.67E-02,3.75E-02,3.60E-02,3.70E-02,3.42E-02,3.62E-02,3.62E-02,3.77E-02,3.64E-02,3.64E-02,3.58E-02,3.08E-02,3.68E-02,3.53E-02,3.08E-02,3.68E-02,4.20E-02,3.34E-02,3.66E-02,3.04E-02,3.61E-02,3.61E-02,8.99E-03,3.93E-02,3.39E-02,2.85E-02,6.59E-02,3.96E-02,4.55E-02,7.59E-02,3.35E-02,5.65E-03,1.11E-02,4.53E-02,8.65E-03,1.05E-02
938,Al,Zr,O2N,AlZrO2N,4.154,1.3,0.4,0.84,2.15E-02,3.65E-02,1.32E-02,8.90E-03,1.81E-02,1.50E-02,4.62E-02,3.07E-02,2.91E-02,4.01E-02,6.84E-02,2.32E-02,3.63E-02,3.36E-02,3.90E-02,4.33E-02,4.60E-02,2.80E-02,3.14E-02,3.75E-02,1.98E-02,2.70E-02,3.30E-02,1.21E-02,1.53E-02,8.80E-03,3.26E-02,2.93E-02,3.70E-02,3.90E-02,3.66E-02,3.70E-02,3.70E-02,3.70E-02,3.65E-02,3.75E-02,3.70E-02,3.68E-02,3.74E-02,3.67E-02,3.75E-02,3.60E-02,3.70E-02,3.42E-02,3.62E-02,3.62E-02,3.77E-02,3.64E-02,3.64E-02,3.58E-02,3.08E-02,3.68E-02,3.53E-02,3.08E-02,3.68E-02,4.20E-02,3.34E-02,3.66E-02,3.04E-02,3.61E-02,4.64E-02,8.18E-03,2.90E-02,2.50E-02,3.93E-02,-1.41E-03,3.49E-02,3.80E-02,1.01E-02,4.24E-02,5.26E-03,1.54E-02,3.46E-02,4.33E-02,3.14E-02
8238,Y,Bi,O2S,YBiO2S,4.717,1.3,1.2,1.12,4.06E-02,4.81E-02,2.18E-02,2.93E-02,3.59E-02,0.00E+00,7.60E-03,3.27E-02,1.42E-02,1.34E-02,4.96E-03,3.72E-02,2.75E-02,3.36E-02,3.90E-02,5.31E-02,1.80E-02,4.19E-02,7.20E-02,5.71E-02,4.35E-02,5.29E-02,3.79E-02,2.85E-02,6.70E-03,3.05E-03,1.71E-02,4.45E-02,4.63E-02,2.93E-02,3.66E-02,3.70E-02,3.70E-02,3.70E-02,3.65E-02,3.75E-02,3.70E-02,3.68E-02,3.74E-02,3.67E-02,3.75E-02,3.60E-02,3.70E-02,3.42E-02,3.62E-02,3.62E-02,3.77E-02,3.64E-02,3.64E-02,3.58E-02,3.08E-02,3.68E-02,3.53E-02,3.08E-02,3.68E-02,4.20E-02,3.34E-02,3.66E-02,3.04E-02,3.61E-02,7.87E-03,7.59E-02,4.80E-02,5.71E-02,4.46E-02,4.03E-02,3.75E-02,2.71E-02,2.95E-03,2.89E-02,5.45E-02,7.39E-02,2.94E-02,5.19E-02,6.27E-02
5288,Y,Al,OFN,YAlOFN,3.819,2.9,2.6,0.52,4.06E-02,4.81E-02,2.18E-02,2.93E-02,3.59E-02,0.00E+00,7.60E-03,3.27E-02,1.42E-02,1.34E-02,4.96E-03,3.72E-02,2.75E-02,3.36E-02,3.90E-02,2.78E-02,2.69E-02,1.16E-02,9.30E-03,2.69E-02,1.78E-02,4.49E-02,3.11E-02,4.92E-02,4.94E-02,9.19E-02,1.66E-02,3.54E-02,2.78E-02,2.93E-02,3.66E-02,3.70E-02,3.70E-02,3.70E-02,3.65E-02,3.75E-02,3.70E-02,3.68E-02,3.74E-02,3.67E-02,3.75E-02,3.60E-02,3.70E-02,3.42E-02,3.62E-02,3.43E-02,3.55E-02,4.32E-02,4.33E-02,3.39E-02,7.17E-02,3.93E-02,4.51E-02,7.11E-02,3.29E-02,4.38E-03,3.91E-02,4.23E-02,1.52E-02,1.81E-02,4.64E-02,8.18E-03,2.90E-02,2.50E-02,3.93E-02,-1.41E-03,3.49E-02,3.80E-02,1.01E-02,4.24E-02,5.26E-03,1.54E-02,3.46E-02,4.33E-02,3.14E-02
3027,Sn,Ti,OFN,SnTiOFN,4.086,1.3,1,0.36,2.83E-02,3.83E-02,3.57E-02,3.92E-02,2.94E-02,4.03E-02,5.07E-02,3.77E-02,2.77E-02,1.01E-02,1.92E-02,1.56E-02,4.42E-02,4.48E-02,5.20E-02,3.14E-02,3.50E-02,1.95E-02,1.65E-02,2.85E-02,7.90E-03,2.64E-02,3.55E-02,1.83E-02,2.87E-02,8.49E-03,2.88E-02,3.39E-02,3.70E-02,3.90E-02,3.66E-02,3.70E-02,3.70E-02,3.70E-02,3.65E-02,3.75E-02,3.70E-02,3.68E-02,3.74E-02,3.67E-02,3.75E-02,3.60E-02,3.70E-02,3.42E-02,3.62E-02,3.43E-02,3.55E-02,4.32E-02,4.33E-02,3.39E-02,7.17E-02,3.93E-02,4.51E-02,7.11E-02,3.29E-02,4.38E-03,3.91E-02,4.23E-02,1.52E-02,1.81E-02,4.64E-02,8.18E-03,2.90E-02,2.50E-02,3.93E-02,-1.41E-03,3.49E-02,3.80E-02,1.01E-02,4.24E-02,5.26E-03,1.54E-02,3.46E-02,4.33E-02,3.14E-02
2120,La,Ti,O2N,LaTiO2N,3.981,2.5,2.5,0.06,4.62E-02,4.98E-02,3.00E-02,4.58E-02,4.08E-02,1.66E-02,8.23E-03,2.86E-02,6.55E-03,8.46E-03,3.90E-03,2.45E-02,2.48E-02,3.36E-02,3.90E-02,3.14E-02,3.50E-02,1.95E-02,1.65E-02,2.85E-02,7.90E-03,2.64E-02,3.55E-02,1.83E-02,2.87E-02,8.49E-03,2.88E-02,3.39E-02,3.70E-02,3.90E-02,3.66E-02,3.70E-02,3.70E-02,3.70E-02,3.65E-02,3.75E-02,3.70E-02,3.68E-02,3.74E-02,3.67E-02,3.75E-02,3.60E-02,3.70E-02,3.42E-02,3.62E-02,3.62E-02,3.77E-02,3.64E-02,3.64E-02,3.58E-02,3.08E-02,3.68E-02,3.53E-02,3.08E-02,3.68E-02,4.20E-02,3.34E-02,3.66E-02,3.04E-02,3.61E-02,4.64E-02,8.18E-03,2.90E-02,2.50E-02,3.93E-02,-1.41E-03,3.49E-02,3.80E-02,1.01E-02,4.24E-02,5.26E-03,1.54E-02,3.46E-02,4.33E-02,3.14E-02
9577,Sb,Tl,O2S,SbTlO2S,4.665,0.9,0.5,1.14,3.03E-02,2.48E-02,3.27E-02,4.02E-02,3.29E-02,3.36E-02,5.38E-02,4.43E-02,1.38E-02,9.21E-03,7.01E-03,4.30E-02,4.62E-02,5.60E-02,3.90E-02,8.19E-02,1.72E-02,5.09E-02,7.05E-02,4.61E-02,1.19E-02,4.67E-02,3.18E-02,6.37E-02,7.09E-03,1.79E-02,6.62E-03,4.49E-02,2.78E-02,9.76E-03,3.66E-02,3.70E-02,3.70E-02,3.70E-02,3.65E-02,3.75E-02,3.70E-02,3.68E-02,3.74E-02,3.67E-02,3.75E-02,3.60E-02,3.70E-02,3.42E-02,3.62E-02,3.62E-02,3.77E-02,3.64E-02,3.64E-02,3.58E-02,3.08E-02,3.68E-02,3.53E-02,3.08E-02,3.68E-02,4.20E-02,3.34E-02,3.66E-02,3.04E-02,3.61E-02,7.87E-03,7.59E-02,4.80E-02,5.71E-02,4.46E-02,4.03E-02,3.75E-02,2.71E-02,2.95E-03,2.89E-02,5.45E-02,7.39E-02,2.94E-02,5.19E-02,6.27E-02
11629,Fe,Al,O2F,FeAlO2F,3.78,1,0.9,0.6,2.19E-02,4.02E-02,3.85E-02,1.84E-02,1.28E-02,7.99E-03,3.48E-02,4.03E-02,1.49E-02,2.00E-02,2.31E-02,2.99E-02,4.12E-02,6.72E-02,3.90E-02,2.78E-02,2.69E-02,1.16E-02,9.30E-03,2.69E-02,1.78E-02,4.49E-02,3.11E-02,4.92E-02,4.94E-02,9.19E-02,1.66E-02,3.54E-02,2.78E-02,2.93E-02,3.66E-02,3.70E-02,3.70E-02,3.70E-02,3.65E-02,3.75E-02,3.70E-02,3.68E-02,3.74E-02,3.67E-02,3.75E-02,3.60E-02,3.70E-02,3.42E-02,3.62E-02,3.62E-02,3.77E-02,3.64E-02,3.64E-02,3.58E-02,3.08E-02,3.68E-02,3.53E-02,3.08E-02,3.68E-02,4.20E-02,3.34E-02,3.66E-02,3.04E-02,3.61E-02,3.61E-02,8.99E-03,3.93E-02,3.39E-02,2.85E-02,6.59E-02,3.96E-02,4.55E-02,7.59E-02,3.35E-02,5.65E-03,1.11E-02,4.53E-02,8.65E-03,1.05E-02
14808,Mg,Ti,O3,MgTiO3,3.895,4.9,4.3,0.02,2.87E-02,1.84E-02,8.50E-03,8.02E-03,2.55E-02,-7.65E-02,4.31E-02,3.92E-02,3.12E-02,4.54E-02,4.50E-02,1.94E-02,2.95E-02,2.24E-02,2.60E-02,3.14E-02,3.50E-02,1.95E-02,1.65E-02,2.85E-02,7.90E-03,2.64E-02,3.55E-02,1.83E-02,2.87E-02,8.49E-03,2.88E-02,3.39E-02,3.70E-02,3.90E-02,3.66E-02,3.70E-02,3.70E-02,3.70E-02,3.65E-02,3.75E-02,3.70E-02,3.68E-02,3.74E-02,3.67E-02,3.75E-02,3.60E-02,3.70E-02,3.42E-02,3.62E-02,3.62E-02,3.77E-02,3.64E-02,3.64E-02,3.58E-02,3.08E-02,3.68E-02,3.53E-02,3.08E-02,3.68E-02,4.20E-02,3.34E-02,3.66E-02,3.04E-02,3.61E-02,3.80E-02,9.53E-03,3.31E-02,2.85E-02,3.01E-02,2.83E-02,3.70E-02,3.56E-02,3.29E-02,3.74E-02,5.42E-02,9.48E-03,3.92E-02,1.73E-02,2.09E-02
11906,B,Zr,O2F,BZrO2F,4.191,3.5,3,1.26,9.16E-03,5.69E-02,1.14E-02,3.57E-03,8.39E-03,8.98E-03,4.56E-02,2.72E-02,5.92E-03,4.57E-02,7.79E-03,4.90E-02,4.60E-02,3.36E-02,3.90E-02,4.33E-02,4.60E-02,2.80E-02,3.14E-02,3.75E-02,1.98E-02,2.70E-02,3.30E-02,1.21E-02,1.53E-02,8.80E-03,3.26E-02,2.93E-02,3.70E-02,3.90E-02,3.66E-02,3.70E-02,3.70E-02,3.70E-02,3.65E-02,3.75E-02,3.70E-02,3.68E-02,3.74E-02,3.67E-02,3.75E-02,3.60E-02,3.70E-02,3.42E-02,3.62E-02,3.62E-02,3.77E-02,3.64E-02,3.64E-02,3.58E-02,3.08E-02,3.68E-02,3.53E-02,3.08E-02,3.68E-02,4.20E-02,3.34E-02,3.66E-02,3.04E-02,3.61E-02,3.61E-02,8.99E-03,3.93E-02,3.39E-02,2.85E-02,6.59E-02,3.96E-02,4.55E-02,7.59E-02,3.35E-02,5.65E-03,1.11E-02,4.53E-02,8.65E-03,1.05E-02
17551,Sc,Ca,N3,ScCaN3,4.233,0.9,0.4,1.94,2.99E-02,4.14E-02,1.46E-02,1.48E-02,2.71E-02,6.02E-03,6.97E-03,3.35E-02,1.26E-02,2.53E-02,4.56E-03,3.49E-02,3.07E-02,3.36E-02,3.90E-02,5.15E-02,1.73E-02,6.66E-03,1.38E-02,7.14E-02,-6.16E-02,4.30E-03,3.18E-02,4.75E-02,3.55E-02,7.75E-02,1.32E-02,2.20E-02,1.85E-02,1.95E-02,4.47E-02,3.18E-02,3.24E-02,3.24E-02,4.77E-02,-1.86E-03,3.48E-02,3.93E-02,1.15E-02,4.16E-02,3.64E-03,5.83E-02,3.27E-02,8.55E-02,5.43E-02,4.42E-02,3.23E-02,3.19E-02,3.19E-02,4.67E-02,-1.53E-03,3.47E-02,3.77E-02,9.48E-03,4.16E-02,4.08E-03,5.41E-02,3.23E-02,7.60E-02,5.42E-02,4.64E-02,8.18E-03,2.90E-02,2.50E-02,3.93E-02,-1.41E-03,3.49E-02,3.80E-02,1.01E-02,4.24E-02,5.26E-03,1.54E-02,3.46E-02,4.33E-02,3.14E-02
578,Sc,Ge,O2N,ScGeO2N,3.818,2.6,1.4,0.66,2.99E-02,4.14E-02,1.46E-02,1.48E-02,2.71E-02,6.02E-03,6.97E-03,3.35E-02,1.26E-02,2.53E-02,4.56E-03,3.49E-02,3.07E-02,3.36E-02,3.90E-02,2.73E-02,3.05E-02,2.29E-02,2.50E-02,3.59E-02,4.74E-02,4.86E-02,4.11E-02,1.21E-02,1.76E-02,2.32E-02,4.93E-02,4.43E-02,3.70E-02,3.90E-02,3.66E-02,3.70E-02,3.70E-02,3.70E-02,3.65E-02,3.75E-02,3.70E-02,3.68E-02,3.74E-02,3.67E-02,3.75E-02,3.60E-02,3.70E-02,3.42E-02,3.62E-02,3.62E-02,3.77E-02,3.64E-02,3.64E-02,3.58E-02,3.08E-02,3.68E-02,3.53E-02,3.08E-02,3.68E-02,4.20E-02,3.34E-02,3.66E-02,3.04E-02,3.61E-02,4.64E-02,8.18E-03,2.90E-02,2.50E-02,3.93E-02,-1.41E-03,3.49E-02,3.80E-02,1.01E-02,4.24E-02,5.26E-03,1.54E-02,3.46E-02,4.33E-02,3.14E-02
14300,Sr,Sn,O3,SrSnO3,4.14,3.4,2.9,0,5.02E-02,2.20E-02,1.24E-02,2.89E-02,6.10E-02,-5.59E-02,5.07E-03,2.92E-02,2.83E-02,1.34E-02,1.02E-03,1.78E-02,2.14E-02,2.24E-02,2.60E-02,3.66E-02,2.83E-02,3.14E-02,4.09E-02,4.37E-02,4.78E-02,4.92E-02,3.82E-02,4.69E-02,1.25E-02,2.58E-02,1.12E-02,4.31E-02,3.70E-02,3.90E-02,3.66E-02,3.70E-02,3.70E-02,3.70E-02,3.65E-02,3.75E-02,3.70E-02,3.68E-02,3.74E-02,3.67E-02,3.75E-02,3.60E-02,3.70E-02,3.42E-02,3.62E-02,3.62E-02,3.77E-02,3.64E-02,3.64E-02,3.58E-02,3.08E-02,3.68E-02,3.53E-02,3.08E-02,3.68E-02,4.20E-02,3.34E-02,3.66E-02,3.04E-02,3.61E-02,3.80E-02,9.53E-03,3.31E-02,2.85E-02,3.01E-02,2.83E-02,3.70E-02,3.56E-02,3.29E-02,3.74E-02,5.42E-02,9.48E-03,3.92E-02,1.73E-02,2.09E-02
9716,Hf,Mg,O2S,HfMgO2S,4.189,1.1,0.6,1.26,3.31E-02,6.49E-02,6.50E-02,5.89E-02,2.44E-02,0.00E+00,2.85E-02,3.41E-02,7.43E-03,6.23E-03,6.64E-03,4.72E-02,2.93E-02,4.48E-02,5.20E-02,3.71E-02,1.36E-02,7.48E-03,8.38E-03,3.79E-02,-9.09E-02,4.18E-02,3.98E-02,5.28E-02,5.60E-02,6.05E-02,1.39E-02,2.88E-02,1.85E-02,1.95E-02,3.66E-02,3.70E-02,3.70E-02,3.70E-02,3.65E-02,3.75E-02,3.70E-02,3.68E-02,3.74E-02,3.67E-02,3.75E-02,3.60E-02,3.70E-02,3.42E-02,3.62E-02,3.62E-02,3.77E-02,3.64E-02,3.64E-02,3.58E-02,3.08E-02,3.68E-02,3.53E-02,3.08E-02,3.68E-02,4.20E-02,3.34E-02,3.66E-02,3.04E-02,3.61E-02,7.87E-03,7.59E-02,4.80E-02,5.71E-02,4.46E-02,4.03E-02,3.75E-02,2.71E-02,2.95E-03,2.89E-02,5.45E-02,7.39E-02,2.94E-02,5.19E-02,6.27E-02
10426,La,Y,O2S,LaYO2S,4.661,3.3,2.7,0.62,4.62E-02,4.98E-02,3.00E-02,4.58E-02,4.08E-02,1.66E-02,8.23E-03,2.86E-02,6.55E-03,8.46E-03,3.90E-03,2.45E-02,2.48E-02,3.36E-02,3.90E-02,5.26E-02,3.55E-02,1.92E-02,3.06E-02,5.32E-02,0.00E+00,7.38E-03,3.32E-02,2.41E-02,1.65E-02,6.67E-03,2.66E-02,2.69E-02,2.78E-02,2.93E-02,3.66E-02,3.70E-02,3.70E-02,3.70E-02,3.65E-02,3.75E-02,3.70E-02,3.68E-02,3.74E-02,3.67E-02,3.75E-02,3.60E-02,3.70E-02,3.42E-02,3.62E-02,3.62E-02,3.77E-02,3.64E-02,3.64E-02,3.58E-02,3.08E-02,3.68E-02,3.53E-02,3.08E-02,3.68E-02,4.20E-02,3.34E-02,3.66E-02,3.04E-02,3.61E-02,7.87E-03,7.59E-02,4.80E-02,5.71E-02,4.46E-02,4.03E-02,3.75E-02,2.71E-02,2.95E-03,2.89E-02,5.45E-02,7.39E-02,2.94E-02,5.19E-02,6.27E-02
3740,Sc,Sc,OFN,ScScOFN,4.092,0.2,0.2,1,2.99E-02,4.14E-02,1.46E-02,1.48E-02,2.71E-02,6.02E-03,6.97E-03,3.35E-02,1.26E-02,2.53E-02,4.56E-03,3.49E-02,3.07E-02,3.36E-02,3.90E-02,3.86E-02,3.05E-02,1.29E-02,1.55E-02,4.03E-02,7.15E-03,6.76E-03,3.40E-02,2.13E-02,3.12E-02,6.12E-03,2.50E-02,2.99E-02,2.78E-02,2.93E-02,3.66E-02,3.70E-02,3.70E-02,3.70E-02,3.65E-02,3.75E-02,3.70E-02,3.68E-02,3.74E-02,3.67E-02,3.75E-02,3.60E-02,3.70E-02,3.42E-02,3.62E-02,3.43E-02,3.55E-02,4.32E-02,4.33E-02,3.39E-02,7.17E-02,3.93E-02,4.51E-02,7.11E-02,3.29E-02,4.38E-03,3.91E-02,4.23E-02,1.52E-02,1.81E-02,4.64E-02,8.18E-03,2.90E-02,2.50E-02,3.93E-02,-1.41E-03,3.49E-02,3.80E-02,1.01E-02,4.24E-02,5.26E-03,1.54E-02,3.46E-02,4.33E-02,3.14E-02
8237,Sr,Ge,O2S,SrGeO2S,4.354,0.7,0.2,0.58,5.02E-02,2.20E-02,1.24E-02,2.89E-02,6.10E-02,-5.59E-02,5.07E-03,2.92E-02,2.83E-02,1.34E-02,1.02E-03,1.78E-02,2.14E-02,2.24E-02,2.60E-02,2.73E-02,3.05E-02,2.29E-02,2.50E-02,3.59E-02,4.74E-02,4.86E-02,4.11E-02,1.21E-02,1.76E-02,2.32E-02,4.93E-02,4.43E-02,3.70E-02,3.90E-02,3.66E-02,3.70E-02,3.70E-02,3.70E-02,3.65E-02,3.75E-02,3.70E-02,3.68E-02,3.74E-02,3.67E-02,3.75E-02,3.60E-02,3.70E-02,3.42E-02,3.62E-02,3.62E-02,3.77E-02,3.64E-02,3.64E-02,3.58E-02,3.08E-02,3.68E-02,3.53E-02,3.08E-02,3.68E-02,4.20E-02,3.34E-02,3.66E-02,3.04E-02,3.61E-02,7.87E-03,7.59E-02,4.80E-02,5.71E-02,4.46E-02,4.03E-02,3.75E-02,2.71E-02,2.95E-03,2.89E-02,5.45E-02,7.39E-02,2.94E-02,5.19E-02,6.27E-02
6260,Al,V,ON2,AlVON2,3.893,0.9,0.3,0.76,2.15E-02,3.65E-02,1.32E-02,8.90E-03,1.81E-02,1.50E-02,4.62E-02,3.07E-02,2.91E-02,4.01E-02,6.84E-02,2.32E-02,3.63E-02,3.36E-02,3.90E-02,2.78E-02,3.59E-02,2.63E-02,1.76E-02,2.23E-02,1.98E-02,2.83E-02,3.50E-02,1.79E-02,2.69E-02,1.19E-02,3.53E-02,3.59E-02,4.63E-02,4.88E-02,3.66E-02,3.70E-02,3.70E-02,3.70E-02,3.65E-02,3.75E-02,3.70E-02,3.68E-02,3.74E-02,3.67E-02,3.75E-02,3.60E-02,3.70E-02,3.42E-02,3.62E-02,4.42E-02,3.23E-02,3.19E-02,3.19E-02,4.67E-02,-1.53E-03,3.47E-02,3.77E-02,9.48E-03,4.16E-02,4.08E-03,5.41E-02,3.23E-02,7.60E-02,5.42E-02,4.64E-02,8.18E-03,2.90E-02,2.50E-02,3.93E-02,-1.41E-03,3.49E-02,3.80E-02,1.01E-02,4.24E-02,5.26E-03,1.54E-02,3.46E-02,4.33E-02,3.14E-02
4651,Pb,Zr,OFN,PbZrOFN,4.295,1.7,1.3,0.42,4.74E-02,2.69E-02,5.54E-02,6.84E-02,3.30E-02,3.66E-02,5.13E-02,3.80E-02,3.63E-02,5.74E-03,1.02E-02,1.03E-02,5.25E-02,4.48E-02,2.60E-02,4.33E-02,4.60E-02,2.80E-02,3.14E-02,3.75E-02,1.98E-02,2.70E-02,3.30E-02,1.21E-02,1.53E-02,8.80E-03,3.26E-02,2.93E-02,3.70E-02,3.90E-02,3.66E-02,3.70E-02,3.70E-02,3.70E-02,3.65E-02,3.75E-02,3.70E-02,3.68E-02,3.74E-02,3.67E-02,3.75E-02,3.60E-02,3.70E-02,3.42E-02,3.62E-02,3.43E-02,3.55E-02,4.32E-02,4.33E-02,3.39E-02,7.17E-02,3.93E-02,4.51E-02,7.11E-02,3.29E-02,4.38E-03,3.91E-02,4.23E-02,1.52E-02,1.81E-02,4.64E-02,8.18E-03,2.90E-02,2.50E-02,3.93E-02,-1.41E-03,3.49E-02,3.80E-02,1.01E-02,4.24E-02,5.26E-03,1.54E-02,3.46E-02,4.33E-02,3.14E-02
4888,Ag,Ta,OFN,AgTaOFN,4.133,1.3,0.8,0.22,4.58E-02,3.24E-02,5.13E-02,3.56E-02,1.85E-02,4.18E-02,4.12E-02,3.88E-02,2.38E-02,1.05E-02,1.24E-01,2.45E-02,4.35E-02,2.24E-02,1.30E-02,3.30E-02,5.63E-02,7.16E-02,6.24E-02,2.85E-02,2.37E-02,2.95E-02,4.10E-02,1.34E-02,7.69E-03,2.23E-02,5.58E-02,3.30E-02,4.63E-02,4.88E-02,3.66E-02,3.70E-02,3.70E-02,3.70E-02,3.65E-02,3.75E-02,3.70E-02,3.68E-02,3.74E-02,3.67E-02,3.75E-02,3.60E-02,3.70E-02,3.42E-02,3.62E-02,3.43E-02,3.55E-02,4.32E-02,4.33E-02,3.39E-02,7.17E-02,3.93E-02,4.51E-02,7.11E-02,3.29E-02,4.38E-03,3.91E-02,4.23E-02,1.52E-02,1.81E-02,4.64E-02,8.18E-03,2.90E-02,2.50E-02,3.93E-02,-1.41E-03,3.49E-02,3.80E-02,1.01E-02,4.24E-02,5.26E-03,1.54E-02,3.46E-02,4.33E-02,3.14E-02
798,Pt,Ta,O2N,PtTaO2N,4.132,0.9,0.7,0.62,2.51E-02,5.46E-02,1.05E-01,6.44E-02,1.65E-02,6.83E-02,3.99E-02,4.61E-02,1.11E-02,5.79E-03,2.07E-02,4.26E-02,5.14E-02,4.48E-02,5.20E-02,3.30E-02,5.63E-02,7.16E-02,6.24E-02,2.85E-02,2.37E-02,2.95E-02,4.10E-02,1.34E-02,7.69E-03,2.23E-02,5.58E-02,3.30E-02,4.63E-02,4.88E-02,3.66E-02,3.70E-02,3.70E-02,3.70E-02,3.65E-02,3.75E-02,3.70E-02,3.68E-02,3.74E-02,3.67E-02,3.75E-02,3.60E-02,3.70E-02,3.42E-02,3.62E-02,3.62E-02,3.77E-02,3.64E-02,3.64E-02,3.58E-02,3.08E-02,3.68E-02,3.53E-02,3.08E-02,3.68E-02,4.20E-02,3.34E-02,3.66E-02,3.04E-02,3.61E-02,4.64E-02,8.18E-03,2.90E-02,2.50E-02,3.93E-02,-1.41E-03,3.49E-02,3.80E-02,1.01E-02,4.24E-02,5.26E-03,1.54E-02,3.46E-02,4.33E-02,3.14E-02
11536,Cu,Zr,O2F,CuZrO2F,4.189,2,1.4,0.52,2.91E-02,3.78E-02,4.38E-02,2.09E-02,1.29E-02,3.94E-02,4.05E-02,3.96E-02,2.08E-02,1.71E-02,1.16E-01,2.85E-02,4.28E-02,2.24E-02,2.60E-02,4.33E-02,4.60E-02,2.80E-02,3.14E-02,3.75E-02,1.98E-02,2.70E-02,3.30E-02,1.21E-02,1.53E-02,8.80E-03,3.26E-02,2.93E-02,3.70E-02,3.90E-02,3.66E-02,3.70E-02,3.70E-02,3.70E-02,3.65E-02,3.75E-02,3.70E-02,3.68E-02,3.74E-02,3.67E-02,3.75E-02,3.60E-02,3.70E-02,3.42E-02,3.62E-02,3.62E-02,3.77E-02,3.64E-02,3.64E-02,3.58E-02,3.08E-02,3.68E-02,3.53E-02,3.08E-02,3.68E-02,4.20E-02,3.34E-02,3.66E-02,3.04E-02,3.61E-02,3.61E-02,8.99E-03,3.93E-02,3.39E-02,2.85E-02,6.59E-02,3.96E-02,4.55E-02,7.59E-02,3.35E-02,5.65E-03,1.11E-02,4.53E-02,8.65E-03,1.05E-02
9748,Be,Mg,O2S,BeMgO2S,3.975,2.3,1.9,1.1,1.79E-02,4.32E-02,9.04E-03,2.97E-03,8.83E-03,-7.99E-02,4.24E-02,4.78E-02,1.42E-02,8.12E-02,5.77E-02,2.54E-02,3.54E-02,2.24E-02,2.60E-02,3.71E-02,1.36E-02,7.48E-03,8.38E-03,3.79E-02,-9.09E-02,4.18E-02,3.98E-02,5.28E-02,5.60E-02,6.05E-02,1.39E-02,2.88E-02,1.85E-02,1.95E-02,3.66E-02,3.70E-02,3.70E-02,3.70E-02,3.65E-02,3.75E-02,3.70E-02,3.68E-02,3.74E-02,3.67E-02,3.75E-02,3.60E-02,3.70E-02,3.42E-02,3.62E-02,3.62E-02,3.77E-02,3.64E-02,3.64E-02,3.58E-02,3.08E-02,3.68E-02,3.53E-02,3.08E-02,3.68E-02,4.20E-02,3.34E-02,3.66E-02,3.04E-02,3.61E-02,7.87E-03,7.59E-02,4.80E-02,5.71E-02,4.46E-02,4.03E-02,3.75E-02,2.71E-02,2.95E-03,2.89E-02,5.45E-02,7.39E-02,2.94E-02,5.19E-02,6.27E-02
14425,Cs,Nb,O3,CsNbO3,4.22,2.9,2.9,0.18,6.93E-02,1.26E-02,9.13E-03,4.39E-02,7.36E-02,1.51E-02,3.17E-03,2.00E-02,1.26E-01,1.07E-02,1.04E-02,4.54E-03,1.78E-02,1.12E-02,1.30E-02,3.30E-02,4.93E-02,3.68E-02,3.20E-02,2.93E-02,3.79E-02,2.89E-02,3.58E-02,1.55E-02,1.46E-02,2.08E-02,4.17E-02,3.52E-02,4.63E-02,4.88E-02,3.66E-02,3.70E-02,3.70E-02,3.70E-02,3.65E-02,3.75E-02,3.70E-02,3.68E-02,3.74E-02,3.67E-02,3.75E-02,3.60E-02,3.70E-02,3.42E-02,3.62E-02,3.62E-02,3.77E-02,3.64E-02,3.64E-02,3.58E-02,3.08E-02,3.68E-02,3.53E-02,3.08E-02,3.68E-02,4.20E-02,3.34E-02,3.66E-02,3.04E-02,3.61E-02,3.80E-02,9.53E-03,3.31E-02,2.85E-02,3.01E-02,2.83E-02,3.70E-02,3.56E-02,3.29E-02,3.74E-02,5.42E-02,9.48E-03,3.92E-02,1.73E-02,2.09E-02
12478,Be,B,O2F,BeBO2F,3.43,5,4.2,1.36,1.79E-02,4.32E-02,9.04E-03,2.97E-03,8.83E-03,-7.99E-02,4.24E-02,4.78E-02,1.42E-02,8.12E-02,5.77E-02,2.54E-02,3.54E-02,2.24E-02,2.60E-02,1.19E-02,4.20E-02,1.01E-02,3.73E-03,1.25E-02,1.07E-02,4.43E-02,2.75E-02,1.00E-02,5.64E-02,1.05E-02,3.50E-02,4.49E-02,2.78E-02,2.93E-02,3.66E-02,3.70E-02,3.70E-02,3.70E-02,3.65E-02,3.75E-02,3.70E-02,3.68E-02,3.74E-02,3.67E-02,3.75E-02,3.60E-02,3.70E-02,3.42E-02,3.62E-02,3.62E-02,3.77E-02,3.64E-02,3.64E-02,3.58E-02,3.08E-02,3.68E-02,3.53E-02,3.08E-02,3.68E-02,4.20E-02,3.34E-02,3.66E-02,3.04E-02,3.61E-02,3.61E-02,8.99E-03,3.93E-02,3.39E-02,2.85E-02,6.59E-02,3.96E-02,4.55E-02,7.59E-02,3.35E-02,5.65E-03,1.11E-02,4.53E-02,8.65E-03,1.05E-02
9507,Ba,Hf,O2S,BaHfO2S,4.623,4.7,4.3,0.38,5.66E-02,2.77E-02,1.75E-02,4.53E-02,6.85E-02,-1.73E-02,5.70E-03,2.67E-02,2.59E-02,9.08E-03,5.31E-03,1.74E-02,2.01E-02,2.24E-02,2.60E-02,4.28E-02,4.79E-02,5.72E-02,6.15E-02,3.63E-02,0.00E+00,2.77E-02,3.46E-02,1.26E-02,7.69E-03,8.92E-03,3.37E-02,2.86E-02,3.70E-02,3.90E-02,3.66E-02,3.70E-02,3.70E-02,3.70E-02,3.65E-02,3.75E-02,3.70E-02,3.68E-02,3.74E-02,3.67E-02,3.75E-02,3.60E-02,3.70E-02,3.42E-02,3.62E-02,3.62E-02,3.77E-02,3.64E-02,3.64E-02,3.58E-02,3.08E-02,3.68E-02,3.53E-02,3.08E-02,3.68E-02,4.20E-02,3.34E-02,3.66E-02,3.04E-02,3.61E-02,7.87E-03,7.59E-02,4.80E-02,5.71E-02,4.46E-02,4.03E-02,3.75E-02,2.71E-02,2.95E-03,2.89E-02,5.45E-02,7.39E-02,2.94E-02,5.19E-02,6.27E-02
9211,Sn,Ti,O2S,SnTiO2S,4.355,2.1,2,0.48,2.83E-02,3.83E-02,3.57E-02,3.92E-02,2.94E-02,4.03E-02,5.07E-02,3.77E-02,2.77E-02,1.01E-02,1.92E-02,1.56E-02,4.42E-02,4.48E-02,5.20E-02,3.14E-02,3.50E-02,1.95E-02,1.65E-02,2.85E-02,7.90E-03,2.64E-02,3.55E-02,1.83E-02,2.87E-02,8.49E-03,2.88E-02,3.39E-02,3.70E-02,3.90E-02,3.66E-02,3.70E-02,3.70E-02,3.70E-02,3.65E-02,3.75E-02,3.70E-02,3.68E-02,3.74E-02,3.67E-02,3.75E-02,3.60E-02,3.70E-02,3.42E-02,3.62E-02,3.62E-02,3.77E-02,3.64E-02,3.64E-02,3.58E-02,3.08E-02,3.68E-02,3.53E-02,3.08E-02,3.68E-02,4.20E-02,3.34E-02,3.66E-02,3.04E-02,3.61E-02,7.87E-03,7.59E-02,4.80E-02,5.71E-02,4.46E-02,4.03E-02,3.75E-02,2.71E-02,2.95E-03,2.89E-02,5.45E-02,7.39E-02,2.94E-02,5.19E-02,6.27E-02
4145,Si,Si,OFN,SiSiOFN,3.708,2.3,1.9,1.18,1.04E-02,3.50E-02,1.14E-02,9.27E-03,2.18E-02,4.45E-02,4.94E-02,4.18E-02,3.27E-03,3.12E-02,4.27E-02,1.09E-01,4.28E-02,4.48E-02,5.20E-02,1.34E-02,2.58E-02,1.00E-02,9.68E-03,3.24E-02,5.28E-02,4.79E-02,4.24E-02,5.54E-03,3.85E-02,5.74E-02,7.78E-02,4.18E-02,3.70E-02,3.90E-02,3.66E-02,3.70E-02,3.70E-02,3.70E-02,3.65E-02,3.75E-02,3.70E-02,3.68E-02,3.74E-02,3.67E-02,3.75E-02,3.60E-02,3.70E-02,3.42E-02,3.62E-02,3.43E-02,3.55E-02,4.32E-02,4.33E-02,3.39E-02,7.17E-02,3.93E-02,4.51E-02,7.11E-02,3.29E-02,4.38E-03,3.91E-02,4.23E-02,1.52E-02,1.81E-02,4.64E-02,8.18E-03,2.90E-02,2.50E-02,3.93E-02,-1.41E-03,3.49E-02,3.80E-02,1.01E-02,4.24E-02,5.26E-03,1.54E-02,3.46E-02,4.33E-02,3.14E-02
8639,Mg,Sn,O2S,MgSnO2S,4.365,1.8,1.5,0.86,2.87E-02,1.84E-02,8.50E-03,8.02E-03,2.55E-02,-7.65E-02,4.31E-02,3.92E-02,3.12E-02,4.54E-02,4.50E-02,1.94E-02,2.95E-02,2.24E-02,2.60E-02,3.66E-02,2.83E-02,3.14E-02,4.09E-02,4.37E-02,4.78E-02,4.92E-02,3.82E-02,4.69E-02,1.25E-02,2.58E-02,1.12E-02,4.31E-02,3.70E-02,3.90E-02,3.66E-02,3.70E-02,3.70E-02,3.70E-02,3.65E-02,3.75E-02,3.70E-02,3.68E-02,3.74E-02,3.67E-02,3.75E-02,3.60E-02,3.70E-02,3.42E-02,3.62E-02,3.62E-02,3.77E-02,3.64E-02,3.64E-02,3.58E-02,3.08E-02,3.68E-02,3.53E-02,3.08E-02,3.68E-02,4.20E-02,3.34E-02,3.66E-02,3.04E-02,3.61E-02,7.87E-03,7.59E-02,4.80E-02,5.71E-02,4.46E-02,4.03E-02,3.75E-02,2.71E-02,2.95E-03,2.89E-02,5.45E-02,7.39E-02,2.94E-02,5.19E-02,6.27E-02
3908,Tl,Ta,OFN,TlTaOFN,4.223,0.4,0.3,0.18,6.33E-02,2.32E-02,5.79E-02,6.74E-02,3.11E-02,9.98E-03,4.81E-02,3.13E-02,3.76E-02,5.74E-03,1.33E-02,9.26E-03,4.60E-02,3.36E-02,1.30E-02,3.30E-02,5.63E-02,7.16E-02,6.24E-02,2.85E-02,2.37E-02,2.95E-02,4.10E-02,1.34E-02,7.69E-03,2.23E-02,5.58E-02,3.30E-02,4.63E-02,4.88E-02,3.66E-02,3.70E-02,3.70E-02,3.70E-02,3.65E-02,3.75E-02,3.70E-02,3.68E-02,3.74E-02,3.67E-02,3.75E-02,3.60E-02,3.70E-02,3.42E-02,3.62E-02,3.43E-02,3.55E-02,4.32E-02,4.33E-02,3.39E-02,7.17E-02,3.93E-02,4.51E-02,7.11E-02,3.29E-02,4.38E-03,3.91E-02,4.23E-02,1.52E-02,1.81E-02,4.64E-02,8.18E-03,2.90E-02,2.50E-02,3.93E-02,-1.41E-03,3.49E-02,3.80E-02,1.01E-02,4.24E-02,5.26E-03,1.54E-02,3.46E-02,4.33E-02,3.14E-02
5475,Bi,Ta,ON2,BiTaON2,4.122,1.4,0.3,0.58,4.10E-02,2.45E-02,4.76E-02,6.90E-02,3.85E-02,3.66E-02,5.45E-02,3.74E-02,1.69E-02,5.43E-03,2.27E-03,2.39E-02,4.55E-02,5.60E-02,3.90E-02,3.30E-02,5.63E-02,7.16E-02,6.24E-02,2.85E-02,2.37E-02,2.95E-02,4.10E-02,1.34E-02,7.69E-03,2.23E-02,5.58E-02,3.30E-02,4.63E-02,4.88E-02,3.66E-02,3.70E-02,3.70E-02,3.70E-02,3.65E-02,3.75E-02,3.70E-02,3.68E-02,3.74E-02,3.67E-02,3.75E-02,3.60E-02,3.70E-02,3.42E-02,3.62E-02,4.42E-02,3.23E-02,3.19E-02,3.19E-02,4.67E-02,-1.53E-03,3.47E-02,3.77E-02,9.48E-03,4.16E-02,4.08E-03,5.41E-02,3.23E-02,7.60E-02,5.42E-02,4.64E-02,8.18E-03,2.90E-02,2.50E-02,3.93E-02,-1.41E-03,3.49E-02,3.80E-02,1.01E-02,4.24E-02,5.26E-03,1.54E-02,3.46E-02,4.33E-02,3.14E-02
8260,Sn,Sn,O2S,SnSnO2S,4.549,1.4,0.7,0.6,2.83E-02,3.83E-02,3.57E-02,3.92E-02,2.94E-02,4.03E-02,5.07E-02,3.77E-02,2.77E-02,1.01E-02,1.92E-02,1.56E-02,4.42E-02,4.48E-02,5.20E-02,3.66E-02,2.83E-02,3.14E-02,4.09E-02,4.37E-02,4.78E-02,4.92E-02,3.82E-02,4.69E-02,1.25E-02,2.58E-02,1.12E-02,4.31E-02,3.70E-02,3.90E-02,3.66E-02,3.70E-02,3.70E-02,3.70E-02,3.65E-02,3.75E-02,3.70E-02,3.68E-02,3.74E-02,3.67E-02,3.75E-02,3.60E-02,3.70E-02,3.42E-02,3.62E-02,3.62E-02,3.77E-02,3.64E-02,3.64E-02,3.58E-02,3.08E-02,3.68E-02,3.53E-02,3.08E-02,3.68E-02,4.20E-02,3.34E-02,3.66E-02,3.04E-02,3.61E-02,7.87E-03,7.59E-02,4.80E-02,5.71E-02,4.46E-02,4.03E-02,3.75E-02,2.71E-02,2.95E-03,2.89E-02,5.45E-02,7.39E-02,2.94E-02,5.19E-02,6.27E-02
13916,Ag,Ta,O3,AgTaO3,4.049,4.3,3.6,-0.04,4.58E-02,3.24E-02,5.13E-02,3.56E-02,1.85E-02,4.18E-02,4.12E-02,3.88E-02,2.38E-02,1.05E-02,1.24E-01,2.45E-02,4.35E-02,2.24E-02,1.30E-02,3.30E-02,5.63E-02,7.16E-02,6.24E-02,2.85E-02,2.37E-02,2.95E-02,4.10E-02,1.34E-02,7.69E-03,2.23E-02,5.58E-02,3.30E-02,4.63E-02,4.88E-02,3.66E-02,3.70E-02,3.70E-02,3.70E-02,3.65E-02,3.75E-02,3.70E-02,3.68E-02,3.74E-02,3.67E-02,3.75E-02,3.60E-02,3.70E-02,3.42E-02,3.62E-02,3.62E-02,3.77E-02,3.64E-02,3.64E-02,3.58E-02,3.08E-02,3.68E-02,3.53E-02,3.08E-02,3.68E-02,4.20E-02,3.34E-02,3.66E-02,3.04E-02,3.61E-02,3.80E-02,9.53E-03,3.31E-02,2.85E-02,3.01E-02,2.83E-02,3.70E-02,3.56E-02,3.29E-02,3.74E-02,5.42E-02,9.48E-03,3.92E-02,1.73E-02,2.09E-02
16729,Al,Zn,N3,AlZnN3,3.862,1.1,0.8,1.66,2.15E-02,3.65E-02,1.32E-02,8.90E-03,1.81E-02,1.50E-02,4.62E-02,3.07E-02,2.91E-02,4.01E-02,6.84E-02,2.32E-02,3.63E-02,3.36E-02,3.90E-02,3.81E-02,1.16E-02,3.07E-02,2.25E-02,2.44E-02,0.00E+00,4.24E-02,4.88E-02,6.43E-02,2.13E-02,4.50E-02,1.14E-02,3.63E-02,1.85E-02,1.95E-02,4.47E-02,3.18E-02,3.24E-02,3.24E-02,4.77E-02,-1.86E-03,3.48E-02,3.93E-02,1.15E-02,4.16E-02,3.64E-03,5.83E-02,3.27E-02,8.55E-02,5.43E-02,4.42E-02,3.23E-02,3.19E-02,3.19E-02,4.67E-02,-1.53E-03,3.47E-02,3.77E-02,9.48E-03,4.16E-02,4.08E-03,5.41E-02,3.23E-02,7.60E-02,5.42E-02,4.64E-02,8.18E-03,2.90E-02,2.50E-02,3.93E-02,-1.41E-03,3.49E-02,3.80E-02,1.01E-02,4.24E-02,5.26E-03,1.54E-02,3.46E-02,4.33E-02,3.14E-02
9735,La,B,O2S,LaBO2S,4.108,1.4,1.2,0.82,4.62E-02,4.98E-02,3.00E-02,4.58E-02,4.08E-02,1.66E-02,8.23E-03,2.86E-02,6.55E-03,8.46E-03,3.90E-03,2.45E-02,2.48E-02,3.36E-02,3.90E-02,1.19E-02,4.20E-02,1.01E-02,3.73E-03,1.25E-02,1.07E-02,4.43E-02,2.75E-02,1.00E-02,5.64E-02,1.05E-02,3.50E-02,4.49E-02,2.78E-02,2.93E-02,3.66E-02,3.70E-02,3.70E-02,3.70E-02,3.65E-02,3.75E-02,3.70E-02,3.68E-02,3.74E-02,3.67E-02,3.75E-02,3.60E-02,3.70E-02,3.42E-02,3.62E-02,3.62E-02,3.77E-02,3.64E-02,3.64E-02,3.58E-02,3.08E-02,3.68E-02,3.53E-02,3.08E-02,3.68E-02,4.20E-02,3.34E-02,3.66E-02,3.04E-02,3.61E-02,7.87E-03,7.59E-02,4.80E-02,5.71E-02,4.46E-02,4.03E-02,3.75E-02,2.71E-02,2.95E-03,2.89E-02,5.45E-02,7.39E-02,2.94E-02,5.19E-02,6.27E-02
13091,Ca,Al,O2F,CaAlO2F,3.821,7.4,6.6,0.18,3.98E-02,2.34E-02,7.57E-03,1.32E-02,4.81E-02,-5.19E-02,4.43E-03,3.13E-02,2.81E-02,2.88E-02,5.77E-02,1.85E-02,2.25E-02,2.24E-02,2.60E-02,2.78E-02,2.69E-02,1.16E-02,9.30E-03,2.69E-02,1.78E-02,4.49E-02,3.11E-02,4.92E-02,4.94E-02,9.19E-02,1.66E-02,3.54E-02,2.78E-02,2.93E-02,3.66E-02,3.70E-02,3.70E-02,3.70E-02,3.65E-02,3.75E-02,3.70E-02,3.68E-02,3.74E-02,3.67E-02,3.75E-02,3.60E-02,3.70E-02,3.42E-02,3.62E-02,3.62E-02,3.77E-02,3.64E-02,3.64E-02,3.58E-02,3.08E-02,3.68E-02,3.53E-02,3.08E-02,3.68E-02,4.20E-02,3.34E-02,3.66E-02,3.04E-02,3.61E-02,3.61E-02,8.99E-03,3.93E-02,3.39E-02,2.85E-02,6.59E-02,3.96E-02,4.55E-02,7.59E-02,3.35E-02,5.65E-03,1.11E-02,4.53E-02,8.65E-03,1.05E-02
9901,Si,Hf,O2S,SiHfO2S,4.473,2.4,1.9,0.92,1.04E-02,3.50E-02,1.14E-02,9.27E-03,2.18E-02,4.45E-02,4.94E-02,4.18E-02,3.27E-03,3.12E-02,4.27E-02,1.09E-01,4.28E-02,4.48E-02,5.20E-02,4.28E-02,4.79E-02,5.72E-02,6.15E-02,3.63E-02,0.00E+00,2.77E-02,3.46E-02,1.26E-02,7.69E-03,8.92E-03,3.37E-02,2.86E-02,3.70E-02,3.90E-02,3.66E-02,3.70E-02,3.70E-02,3.70E-02,3.65E-02,3.75E-02,3.70E-02,3.68E-02,3.74E-02,3.67E-02,3.75E-02,3.60E-02,3.70E-02,3.42E-02,3.62E-02,3.62E-02,3.77E-02,3.64E-02,3.64E-02,3.58E-02,3.08E-02,3.68E-02,3.53E-02,3.08E-02,3.68E-02,4.20E-02,3.34E-02,3.66E-02,3.04E-02,3.61E-02,7.87E-03,7.59E-02,4.80E-02,5.71E-02,4.46E-02,4.03E-02,3.75E-02,2.71E-02,2.95E-03,2.89E-02,5.45E-02,7.39E-02,2.94E-02,5.19E-02,6.27E-02
16325,Cs,Mn,N3,CsMnN3,4.071,0.3,0.3,2.1,6.93E-02,1.26E-02,9.13E-03,4.39E-02,7.36E-02,1.51E-02,3.17E-03,2.00E-02,1.26E-01,1.07E-02,1.04E-02,4.54E-03,1.78E-02,1.12E-02,1.30E-02,3.45E-02,2.20E-02,3.20E-02,1.89E-02,1.97E-02,0.00E+00,3.20E-02,3.87E-02,4.62E-02,2.64E-02,3.03E-03,2.27E-02,3.41E-02,6.48E-02,3.90E-02,4.47E-02,3.18E-02,3.24E-02,3.24E-02,4.77E-02,-1.86E-03,3.48E-02,3.93E-02,1.15E-02,4.16E-02,3.64E-03,5.83E-02,3.27E-02,8.55E-02,5.43E-02,4.42E-02,3.23E-02,3.19E-02,3.19E-02,4.67E-02,-1.53E-03,3.47E-02,3.77E-02,9.48E-03,4.16E-02,4.08E-03,5.41E-02,3.23E-02,7.60E-02,5.42E-02,4.64E-02,8.18E-03,2.90E-02,2.50E-02,3.93E-02,-1.41E-03,3.49E-02,3.80E-02,1.01E-02,4.24E-02,5.26E-03,1.54E-02,3.46E-02,4.33E-02,3.14E-02
5107,Ca,Zr,OFN,CaZrOFN,4.258,3.6,3.4,0.56,3.98E-02,2.34E-02,7.57E-03,1.32E-02,4.81E-02,-5.19E-02,4.43E-03,3.13E-02,2.81E-02,2.88E-02,5.77E-02,1.85E-02,2.25E-02,2.24E-02,2.60E-02,4.33E-02,4.60E-02,2.80E-02,3.14E-02,3.75E-02,1.98E-02,2.70E-02,3.30E-02,1.21E-02,1.53E-02,8.80E-03,3.26E-02,2.93E-02,3.70E-02,3.90E-02,3.66E-02,3.70E-02,3.70E-02,3.70E-02,3.65E-02,3.75E-02,3.70E-02,3.68E-02,3.74E-02,3.67E-02,3.75E-02,3.60E-02,3.70E-02,3.42E-02,3.62E-02,3.43E-02,3.55E-02,4.32E-02,4.33E-02,3.39E-02,7.17E-02,3.93E-02,4.51E-02,7.11E-02,3.29E-02,4.38E-03,3.91E-02,4.23E-02,1.52E-02,1.81E-02,4.64E-02,8.18E-03,2.90E-02,2.50E-02,3.93E-02,-1.41E-03,3.49E-02,3.80E-02,1.01E-02,4.24E-02,5.26E-03,1.54E-02,3.46E-02,4.33E-02,3.14E-02
4392,Mg,Si,OFN,MgSiOFN,3.64,4,3.3,0.96,2.87E-02,1.84E-02,8.50E-03,8.02E-03,2.55E-02,-7.65E-02,4.31E-02,3.92E-02,3.12E-02,4.54E-02,4.50E-02,1.94E-02,2.95E-02,2.24E-02,2.60E-02,1.34E-02,2.58E-02,1.00E-02,9.68E-03,3.24E-02,5.28E-02,4.79E-02,4.24E-02,5.54E-03,3.85E-02,5.74E-02,7.78E-02,4.18E-02,3.70E-02,3.90E-02,3.66E-02,3.70E-02,3.70E-02,3.70E-02,3.65E-02,3.75E-02,3.70E-02,3.68E-02,3.74E-02,3.67E-02,3.75E-02,3.60E-02,3.70E-02,3.42E-02,3.62E-02,3.43E-02,3.55E-02,4.32E-02,4.33E-02,3.39E-02,7.17E-02,3.93E-02,4.51E-02,7.11E-02,3.29E-02,4.38E-03,3.91E-02,4.23E-02,1.52E-02,1.81E-02,4.64E-02,8.18E-03,2.90E-02,2.50E-02,3.93E-02,-1.41E-03,3.49E-02,3.80E-02,1.01E-02,4.24E-02,5.26E-03,1.54E-02,3.46E-02,4.33E-02,3.14E-02
13462,Bi,Mg,O2F,BiMgO2F,3.936,2.9,2.1,0.54,4.10E-02,2.45E-02,4.76E-02,6.90E-02,3.85E-02,3.66E-02,5.45E-02,3.74E-02,1.69E-02,5.43E-03,2.27E-03,2.39E-02,4.55E-02,5.60E-02,3.90E-02,3.71E-02,1.36E-02,7.48E-03,8.38E-03,3.79E-02,-9.09E-02,4.18E-02,3.98E-02,5.28E-02,5.60E-02,6.05E-02,1.39E-02,2.88E-02,1.85E-02,1.95E-02,3.66E-02,3.70E-02,3.70E-02,3.70E-02,3.65E-02,3.75E-02,3.70E-02,3.68E-02,3.74E-02,3.67E-02,3.75E-02,3.60E-02,3.70E-02,3.42E-02,3.62E-02,3.62E-02,3.77E-02,3.64E-02,3.64E-02,3.58E-02,3.08E-02,3.68E-02,3.53E-02,3.08E-02,3.68E-02,4.20E-02,3.34E-02,3.66E-02,3.04E-02,3.61E-02,3.61E-02,8.99E-03,3.93E-02,3.39E-02,2.85E-02,6.59E-02,3.96E-02,4.55E-02,7.59E-02,3.35E-02,5.65E-03,1.11E-02,4.53E-02,8.65E-03,1.05E-02
12892,Li,Ti,O2F,LiTiO2F,3.901,3.9,3.1,0.24,3.03E-02,2.15E-02,2.59E-03,2.29E-03,2.35E-02,1.99E-02,6.33E-04,2.76E-02,5.79E-02,1.59E-01,2.44E-02,6.51E-03,2.21E-02,1.12E-02,1.30E-02,3.14E-02,3.50E-02,1.95E-02,1.65E-02,2.85E-02,7.90E-03,2.64E-02,3.55E-02,1.83E-02,2.87E-02,8.49E-03,2.88E-02,3.39E-02,3.70E-02,3.90E-02,3.66E-02,3.70E-02,3.70E-02,3.70E-02,3.65E-02,3.75E-02,3.70E-02,3.68E-02,3.74E-02,3.67E-02,3.75E-02,3.60E-02,3.70E-02,3.42E-02,3.62E-02,3.62E-02,3.77E-02,3.64E-02,3.64E-02,3.58E-02,3.08E-02,3.68E-02,3.53E-02,3.08E-02,3.68E-02,4.20E-02,3.34E-02,3.66E-02,3.04E-02,3.61E-02,3.61E-02,8.99E-03,3.93E-02,3.39E-02,2.85E-02,6.59E-02,3.96E-02,4.55E-02,7.59E-02,3.35E-02,5.65E-03,1.11E-02,4.53E-02,8.65E-03,1.05E-02
12545,Ba,In,O2F,BaInO2F,4.374,3.2,2.6,0.18,5.66E-02,2.77E-02,1.75E-02,4.53E-02,6.85E-02,-1.73E-02,5.70E-03,2.67E-02,2.59E-02,9.08E-03,5.31E-03,1.74E-02,2.01E-02,2.24E-02,2.60E-02,4.12E-02,2.31E-02,3.14E-02,3.96E-02,4.22E-02,1.15E-02,4.61E-02,3.01E-02,6.84E-02,1.28E-02,3.16E-02,5.05E-03,3.92E-02,2.78E-02,2.93E-02,3.66E-02,3.70E-02,3.70E-02,3.70E-02,3.65E-02,3.75E-02,3.70E-02,3.68E-02,3.74E-02,3.67E-02,3.75E-02,3.60E-02,3.70E-02,3.42E-02,3.62E-02,3.62E-02,3.77E-02,3.64E-02,3.64E-02,3.58E-02,3.08E-02,3.68E-02,3.53E-02,3.08E-02,3.68E-02,4.20E-02,3.34E-02,3.66E-02,3.04E-02,3.61E-02,3.61E-02,8.99E-03,3.93E-02,3.39E-02,2.85E-02,6.59E-02,3.96E-02,4.55E-02,7.59E-02,3.35E-02,5.65E-03,1.11E-02,4.53E-02,8.65E-03,1.05E-02
1077,Si,Ta,O2N,SiTaO2N,4.07,1.8,0.9,0.84,1.04E-02,3.50E-02,1.14E-02,9.27E-03,2.18E-02,4.45E-02,4.94E-02,4.18E-02,3.27E-03,3.12E-02,4.27E-02,1.09E-01,4.28E-02,4.48E-02,5.20E-02,3.30E-02,5.63E-02,7.16E-02,6.24E-02,2.85E-02,2.37E-02,2.95E-02,4.10E-02,1.34E-02,7.69E-03,2.23E-02,5.58E-02,3.30E-02,4.63E-02,4.88E-02,3.66E-02,3.70E-02,3.70E-02,3.70E-02,3.65E-02,3.75E-02,3.70E-02,3.68E-02,3.74E-02,3.67E-02,3.75E-02,3.60E-02,3.70E-02,3.42E-02,3.62E-02,3.62E-02,3.77E-02,3.64E-02,3.64E-02,3.58E-02,3.08E-02,3.68E-02,3.53E-02,3.08E-02,3.68E-02,4.20E-02,3.34E-02,3.66E-02,3.04E-02,3.61E-02,4.64E-02,8.18E-03,2.90E-02,2.50E-02,3.93E-02,-1.41E-03,3.49E-02,3.80E-02,1.01E-02,4.24E-02,5.26E-03,1.54E-02,3.46E-02,4.33E-02,3.14E-02
1512,Zn,Ta,O2N,ZnTaO2N,4.096,3,2,0.26,2.95E-02,1.57E-02,3.48E-02,2.16E-02,1.65E-02,0.00E+00,4.37E-02,4.82E-02,3.80E-02,1.73E-02,3.35E-02,1.60E-02,3.72E-02,2.24E-02,2.60E-02,3.30E-02,5.63E-02,7.16E-02,6.24E-02,2.85E-02,2.37E-02,2.95E-02,4.10E-02,1.34E-02,7.69E-03,2.23E-02,5.58E-02,3.30E-02,4.63E-02,4.88E-02,3.66E-02,3.70E-02,3.70E-02,3.70E-02,3.65E-02,3.75E-02,3.70E-02,3.68E-02,3.74E-02,3.67E-02,3.75E-02,3.60E-02,3.70E-02,3.42E-02,3.62E-02,3.62E-02,3.77E-02,3.64E-02,3.64E-02,3.58E-02,3.08E-02,3.68E-02,3.53E-02,3.08E-02,3.68E-02,4.20E-02,3.34E-02,3.66E-02,3.04E-02,3.61E-02,4.64E-02,8.18E-03,2.90E-02,2.50E-02,3.93E-02,-1.41E-03,3.49E-02,3.80E-02,1.01E-02,4.24E-02,5.26E-03,1.54E-02,3.46E-02,4.33E-02,3.14E-02
3870,Cd,Zr,OFN,CdZrOFN,4.279,1.3,0.4,0.52,3.78E-02,1.38E-02,4.23E-02,3.71E-02,2.34E-02,0.00E+00,4.43E-02,4.61E-02,3.88E-02,1.03E-02,2.79E-02,1.32E-02,3.81E-02,2.24E-02,2.60E-02,4.33E-02,4.60E-02,2.80E-02,3.14E-02,3.75E-02,1.98E-02,2.70E-02,3.30E-02,1.21E-02,1.53E-02,8.80E-03,3.26E-02,2.93E-02,3.70E-02,3.90E-02,3.66E-02,3.70E-02,3.70E-02,3.70E-02,3.65E-02,3.75E-02,3.70E-02,3.68E-02,3.74E-02,3.67E-02,3.75E-02,3.60E-02,3.70E-02,3.42E-02,3.62E-02,3.43E-02,3.55E-02,4.32E-02,4.33E-02,3.39E-02,7.17E-02,3.93E-02,4.51E-02,7.11E-02,3.29E-02,4.38E-03,3.91E-02,4.23E-02,1.52E-02,1.81E-02,4.64E-02,8.18E-03,2.90E-02,2.50E-02,3.93E-02,-1.41E-03,3.49E-02,3.80E-02,1.01E-02,4.24E-02,5.26E-03,1.54E-02,3.46E-02,4.33E-02,3.14E-02
15877,Sr,Zr,O3,SrZrO3,4.192,6.6,6.5,-0.18,5.02E-02,2.20E-02,1.24E-02,2.89E-02,6.10E-02,-5.59E-02,5.07E-03,2.92E-02,2.83E-02,1.34E-02,1.02E-03,1.78E-02,2.14E-02,2.24E-02,2.60E-02,4.33E-02,4.60E-02,2.80E-02,3.14E-02,3.75E-02,1.98E-02,2.70E-02,3.30E-02,1.21E-02,1.53E-02,8.80E-03,3.26E-02,2.93E-02,3.70E-02,3.90E-02,3.66E-02,3.70E-02,3.70E-02,3.70E-02,3.65E-02,3.75E-02,3.70E-02,3.68E-02,3.74E-02,3.67E-02,3.75E-02,3.60E-02,3.70E-02,3.42E-02,3.62E-02,3.62E-02,3.77E-02,3.64E-02,3.64E-02,3.58E-02,3.08E-02,3.68E-02,3.53E-02,3.08E-02,3.68E-02,4.20E-02,3.34E-02,3.66E-02,3.04E-02,3.61E-02,3.80E-02,9.53E-03,3.31E-02,2.85E-02,3.01E-02,2.83E-02,3.70E-02,3.56E-02,3.29E-02,3.74E-02,5.42E-02,9.48E-03,3.92E-02,1.73E-02,2.09E-02
14020,Ga,Ta,O3,GaTaO3,4.071,2.2,2.1,-0.04,2.47E-02,3.30E-02,2.89E-02,2.30E-02,2.14E-02,9.65E-03,4.69E-02,3.08E-02,2.48E-02,1.65E-02,1.17E-02,1.21E-02,4.08E-02,3.36E-02,3.90E-02,3.30E-02,5.63E-02,7.16E-02,6.24E-02,2.85E-02,2.37E-02,2.95E-02,4.10E-02,1.34E-02,7.69E-03,2.23E-02,5.58E-02,3.30E-02,4.63E-02,4.88E-02,3.66E-02,3.70E-02,3.70E-02,3.70E-02,3.65E-02,3.75E-02,3.70E-02,3.68E-02,3.74E-02,3.67E-02,3.75E-02,3.60E-02,3.70E-02,3.42E-02,3.62E-02,3.62E-02,3.77E-02,3.64E-02,3.64E-02,3.58E-02,3.08E-02,3.68E-02,3.53E-02,3.08E-02,3.68E-02,4.20E-02,3.34E-02,3.66E-02,3.04E-02,3.61E-02,3.80E-02,9.53E-03,3.31E-02,2.85E-02,3.01E-02,2.83E-02,3.70E-02,3.56E-02,3.29E-02,3.74E-02,5.42E-02,9.48E-03,3.92E-02,1.73E-02,2.09E-02
8325,Ca,Hf,O2S,CaHfO2S,4.478,4.8,4.5,0.52,3.98E-02,2.34E-02,7.57E-03,1.32E-02,4.81E-02,-5.19E-02,4.43E-03,3.13E-02,2.81E-02,2.88E-02,5.77E-02,1.85E-02,2.25E-02,2.24E-02,2.60E-02,4.28E-02,4.79E-02,5.72E-02,6.15E-02,3.63E-02,0.00E+00,2.77E-02,3.46E-02,1.26E-02,7.69E-03,8.92E-03,3.37E-02,2.86E-02,3.70E-02,3.90E-02,3.66E-02,3.70E-02,3.70E-02,3.70E-02,3.65E-02,3.75E-02,3.70E-02,3.68E-02,3.74E-02,3.67E-02,3.75E-02,3.60E-02,3.70E-02,3.42E-02,3.62E-02,3.62E-02,3.77E-02,3.64E-02,3.64E-02,3.58E-02,3.08E-02,3.68E-02,3.53E-02,3.08E-02,3.68E-02,4.20E-02,3.34E-02,3.66E-02,3.04E-02,3.61E-02,7.87E-03,7.59E-02,4.80E-02,5.71E-02,4.46E-02,4.03E-02,3.75E-02,2.71E-02,2.95E-03,2.89E-02,5.45E-02,7.39E-02,2.94E-02,5.19E-02,6.27E-02
14363,Ca,Sn,O3,CaSnO3,4.125,3.6,3,0.16,3.98E-02,2.34E-02,7.57E-03,1.32E-02,4.81E-02,-5.19E-02,4.43E-03,3.13E-02,2.81E-02,2.88E-02,5.77E-02,1.85E-02,2.25E-02,2.24E-02,2.60E-02,3.66E-02,2.83E-02,3.14E-02,4.09E-02,4.37E-02,4.78E-02,4.92E-02,3.82E-02,4.69E-02,1.25E-02,2.58E-02,1.12E-02,4.31E-02,3.70E-02,3.90E-02,3.66E-02,3.70E-02,3.70E-02,3.70E-02,3.65E-02,3.75E-02,3.70E-02,3.68E-02,3.74E-02,3.67E-02,3.75E-02,3.60E-02,3.70E-02,3.42E-02,3.62E-02,3.62E-02,3.77E-02,3.64E-02,3.64E-02,3.58E-02,3.08E-02,3.68E-02,3.53E-02,3.08E-02,3.68E-02,4.20E-02,3.34E-02,3.66E-02,3.04E-02,3.61E-02,3.80E-02,9.53E-03,3.31E-02,2.85E-02,3.01E-02,2.83E-02,3.70E-02,3.56E-02,3.29E-02,3.74E-02,5.42E-02,9.48E-03,3.92E-02,1.73E-02,2.09E-02
9313,Ba,Sn,O2S,BaSnO2S,4.632,1.3,1,0.42,5.66E-02,2.77E-02,1.75E-02,4.53E-02,6.85E-02,-1.73E-02,5.70E-03,2.67E-02,2.59E-02,9.08E-03,5.31E-03,1.74E-02,2.01E-02,2.24E-02,2.60E-02,3.66E-02,2.83E-02,3.14E-02,4.09E-02,4.37E-02,4.78E-02,4.92E-02,3.82E-02,4.69E-02,1.25E-02,2.58E-02,1.12E-02,4.31E-02,3.70E-02,3.90E-02,3.66E-02,3.70E-02,3.70E-02,3.70E-02,3.65E-02,3.75E-02,3.70E-02,3.68E-02,3.74E-02,3.67E-02,3.75E-02,3.60E-02,3.70E-02,3.42E-02,3.62E-02,3.62E-02,3.77E-02,3.64E-02,3.64E-02,3.58E-02,3.08E-02,3.68E-02,3.53E-02,3.08E-02,3.68E-02,4.20E-02,3.34E-02,3.66E-02,3.04E-02,3.61E-02,7.87E-03,7.59E-02,4.80E-02,5.71E-02,4.46E-02,4.03E-02,3.75E-02,2.71E-02,2.95E-03,2.89E-02,5.45E-02,7.39E-02,2.94E-02,5.19E-02,6.27E-02
4105,Ba,Zr,OFN,BaZrOFN,4.342,2.8,2.8,0.36,5.66E-02,2.77E-02,1.75E-02,4.53E-02,6.85E-02,-1.73E-02,5.70E-03,2.67E-02,2.59E-02,9.08E-03,5.31E-03,1.74E-02,2.01E-02,2.24E-02,2.60E-02,4.33E-02,4.60E-02,2.80E-02,3.14E-02,3.75E-02,1.98E-02,2.70E-02,3.30E-02,1.21E-02,1.53E-02,8.80E-03,3.26E-02,2.93E-02,3.70E-02,3.90E-02,3.66E-02,3.70E-02,3.70E-02,3.70E-02,3.65E-02,3.75E-02,3.70E-02,3.68E-02,3.74E-02,3.67E-02,3.75E-02,3.60E-02,3.70E-02,3.42E-02,3.62E-02,3.43E-02,3.55E-02,4.32E-02,4.33E-02,3.39E-02,7.17E-02,3.93E-02,4.51E-02,7.11E-02,3.29E-02,4.38E-03,3.91E-02,4.23E-02,1.52E-02,1.81E-02,4.64E-02,8.18E-03,2.90E-02,2.50E-02,3.93E-02,-1.41E-03,3.49E-02,3.80E-02,1.01E-02,4.24E-02,5.26E-03,1.54E-02,3.46E-02,4.33E-02,3.14E-02
13604,Au,Nb,O3,AuNbO3,4.071,1.7,0.6,0.54,3.39E-02,4.17E-02,9.43E-02,6.50E-02,1.84E-02,7.41E-02,4.18E-02,4.73E-02,1.79E-02,5.70E-03,9.15E-02,2.68E-02,5.72E-02,3.36E-02,3.90E-02,3.30E-02,4.93E-02,3.68E-02,3.20E-02,2.93E-02,3.79E-02,2.89E-02,3.58E-02,1.55E-02,1.46E-02,2.08E-02,4.17E-02,3.52E-02,4.63E-02,4.88E-02,3.66E-02,3.70E-02,3.70E-02,3.70E-02,3.65E-02,3.75E-02,3.70E-02,3.68E-02,3.74E-02,3.67E-02,3.75E-02,3.60E-02,3.70E-02,3.42E-02,3.62E-02,3.62E-02,3.77E-02,3.64E-02,3.64E-02,3.58E-02,3.08E-02,3.68E-02,3.53E-02,3.08E-02,3.68E-02,4.20E-02,3.34E-02,3.66E-02,3.04E-02,3.61E-02,3.80E-02,9.53E-03,3.31E-02,2.85E-02,3.01E-02,2.83E-02,3.70E-02,3.56E-02,3.29E-02,3.74E-02,5.42E-02,9.48E-03,3.92E-02,1.73E-02,2.09E-02
524,As,Si,O2N,AsSiO2N,3.664,1.8,0.8,0.8,2.31E-02,1.17E-02,2.82E-02,2.47E-02,2.34E-02,2.56E-02,5.32E-02,5.03E-02,1.94E-02,1.47E-02,1.44E-02,6.01E-02,4.87E-02,5.60E-02,3.90E-02,1.34E-02,2.58E-02,1.00E-02,9.68E-03,3.24E-02,5.28E-02,4.79E-02,4.24E-02,5.54E-03,3.85E-02,5.74E-02,7.78E-02,4.18E-02,3.70E-02,3.90E-02,3.66E-02,3.70E-02,3.70E-02,3.70E-02,3.65E-02,3.75E-02,3.70E-02,3.68E-02,3.74E-02,3.67E-02,3.75E-02,3.60E-02,3.70E-02,3.42E-02,3.62E-02,3.62E-02,3.77E-02,3.64E-02,3.64E-02,3.58E-02,3.08E-02,3.68E-02,3.53E-02,3.08E-02,3.68E-02,4.20E-02,3.34E-02,3.66E-02,3.04E-02,3.61E-02,4.64E-02,8.18E-03,2.90E-02,2.50E-02,3.93E-02,-1.41E-03,3.49E-02,3.80E-02,1.01E-02,4.24E-02,5.26E-03,1.54E-02,3.46E-02,4.33E-02,3.14E-02
10532,Pt,Ti,O2S,PtTiO2S,4.378,0.9,0.9,0.84,2.51E-02,5.46E-02,1.05E-01,6.44E-02,1.65E-02,6.83E-02,3.99E-02,4.61E-02,1.11E-02,5.79E-03,2.07E-02,4.26E-02,5.14E-02,4.48E-02,5.20E-02,3.14E-02,3.50E-02,1.95E-02,1.65E-02,2.85E-02,7.90E-03,2.64E-02,3.55E-02,1.83E-02,2.87E-02,8.49E-03,2.88E-02,3.39E-02,3.70E-02,3.90E-02,3.66E-02,3.70E-02,3.70E-02,3.70E-02,3.65E-02,3.75E-02,3.70E-02,3.68E-02,3.74E-02,3.67E-02,3.75E-02,3.60E-02,3.70E-02,3.42E-02,3.62E-02,3.62E-02,3.77E-02,3.64E-02,3.64E-02,3.58E-02,3.08E-02,3.68E-02,3.53E-02,3.08E-02,3.68E-02,4.20E-02,3.34E-02,3.66E-02,3.04E-02,3.61E-02,7.87E-03,7.59E-02,4.80E-02,5.71E-02,4.46E-02,4.03E-02,3.75E-02,2.71E-02,2.95E-03,2.89E-02,5.45E-02,7.39E-02,2.94E-02,5.19E-02,6.27E-02
16109,Ge,Hf,O3,GeHfO3,4.141,4.2,3.5,0.3,2.11E-02,4.14E-02,2.60E-02,2.40E-02,2.42E-02,3.99E-02,5.00E-02,4.05E-02,7.17E-03,1.42E-02,1.73E-02,6.90E-02,4.53E-02,4.48E-02,5.20E-02,4.28E-02,4.79E-02,5.72E-02,6.15E-02,3.63E-02,0.00E+00,2.77E-02,3.46E-02,1.26E-02,7.69E-03,8.92E-03,3.37E-02,2.86E-02,3.70E-02,3.90E-02,3.66E-02,3.70E-02,3.70E-02,3.70E-02,3.65E-02,3.75E-02,3.70E-02,3.68E-02,3.74E-02,3.67E-02,3.75E-02,3.60E-02,3.70E-02,3.42E-02,3.62E-02,3.62E-02,3.77E-02,3.64E-02,3.64E-02,3.58E-02,3.08E-02,3.68E-02,3.53E-02,3.08E-02,3.68E-02,4.20E-02,3.34E-02,3.66E-02,3.04E-02,3.61E-02,3.80E-02,9.53E-03,3.31E-02,2.85E-02,3.01E-02,2.83E-02,3.70E-02,3.56E-02,3.29E-02,3.74E-02,5.42E-02,9.48E-03,3.92E-02,1.73E-02,2.09E-02
9202,La,In,O2S,LaInO2S,4.557,2.8,2.5,0.46,4.62E-02,4.98E-02,3.00E-02,4.58E-02,4.08E-02,1.66E-02,8.23E-03,2.86E-02,6.55E-03,8.46E-03,3.90E-03,2.45E-02,2.48E-02,3.36E-02,3.90E-02,4.12E-02,2.31E-02,3.14E-02,3.96E-02,4.22E-02,1.15E-02,4.61E-02,3.01E-02,6.84E-02,1.28E-02,3.16E-02,5.05E-03,3.92E-02,2.78E-02,2.93E-02,3.66E-02,3.70E-02,3.70E-02,3.70E-02,3.65E-02,3.75E-02,3.70E-02,3.68E-02,3.74E-02,3.67E-02,3.75E-02,3.60E-02,3.70E-02,3.42E-02,3.62E-02,3.62E-02,3.77E-02,3.64E-02,3.64E-02,3.58E-02,3.08E-02,3.68E-02,3.53E-02,3.08E-02,3.68E-02,4.20E-02,3.34E-02,3.66E-02,3.04E-02,3.61E-02,7.87E-03,7.59E-02,4.80E-02,5.71E-02,4.46E-02,4.03E-02,3.75E-02,2.71E-02,2.95E-03,2.89E-02,5.45E-02,7.39E-02,2.94E-02,5.19E-02,6.27E-02
15891,Hg,Si,O3,HgSiO3,3.679,1.7,0.7,0.88,4.06E-02,8.39E-03,6.62E-02,6.62E-02,2.59E-02,0.00E+00,4.50E-02,5.35E-02,6.17E-02,6.23E-03,2.41E-03,4.97E-03,4.51E-02,2.24E-02,2.60E-02,1.34E-02,2.58E-02,1.00E-02,9.68E-03,3.24E-02,5.28E-02,4.79E-02,4.24E-02,5.54E-03,3.85E-02,5.74E-02,7.78E-02,4.18E-02,3.70E-02,3.90E-02,3.66E-02,3.70E-02,3.70E-02,3.70E-02,3.65E-02,3.75E-02,3.70E-02,3.68E-02,3.74E-02,3.67E-02,3.75E-02,3.60E-02,3.70E-02,3.42E-02,3.62E-02,3.62E-02,3.77E-02,3.64E-02,3.64E-02,3.58E-02,3.08E-02,3.68E-02,3.53E-02,3.08E-02,3.68E-02,4.20E-02,3.34E-02,3.66E-02,3.04E-02,3.61E-02,3.80E-02,9.53E-03,3.31E-02,2.85E-02,3.01E-02,2.83E-02,3.70E-02,3.56E-02,3.29E-02,3.74E-02,5.42E-02,9.48E-03,3.92E-02,1.73E-02,2.09E-02
14030,Sc,Ga,O3,ScGaO3,3.892,5.1,4.6,0.42,2.99E-02,4.14E-02,1.46E-02,1.48E-02,2.71E-02,6.02E-03,6.97E-03,3.35E-02,1.26E-02,2.53E-02,4.56E-03,3.49E-02,3.07E-02,3.36E-02,3.90E-02,3.19E-02,2.43E-02,2.54E-02,2.40E-02,3.17E-02,1.15E-02,4.55E-02,3.12E-02,4.20E-02,2.04E-02,1.57E-02,8.67E-03,3.98E-02,2.78E-02,2.93E-02,3.66E-02,3.70E-02,3.70E-02,3.70E-02,3.65E-02,3.75E-02,3.70E-02,3.68E-02,3.74E-02,3.67E-02,3.75E-02,3.60E-02,3.70E-02,3.42E-02,3.62E-02,3.62E-02,3.77E-02,3.64E-02,3.64E-02,3.58E-02,3.08E-02,3.68E-02,3.53E-02,3.08E-02,3.68E-02,4.20E-02,3.34E-02,3.66E-02,3.04E-02,3.61E-02,3.80E-02,9.53E-03,3.31E-02,2.85E-02,3.01E-02,2.83E-02,3.70E-02,3.56E-02,3.29E-02,3.74E-02,5.42E-02,9.48E-03,3.92E-02,1.73E-02,2.09E-02
6881,La,Nb,ON2,LaNbON2,4.156,1.7,1.5,0.1,4.62E-02,4.98E-02,3.00E-02,4.58E-02,4.08E-02,1.66E-02,8.23E-03,2.86E-02,6.55E-03,8.46E-03,3.90E-03,2.45E-02,2.48E-02,3.36E-02,3.90E-02,3.30E-02,4.93E-02,3.68E-02,3.20E-02,2.93E-02,3.79E-02,2.89E-02,3.58E-02,1.55E-02,1.46E-02,2.08E-02,4.17E-02,3.52E-02,4.63E-02,4.88E-02,3.66E-02,3.70E-02,3.70E-02,3.70E-02,3.65E-02,3.75E-02,3.70E-02,3.68E-02,3.74E-02,3.67E-02,3.75E-02,3.60E-02,3.70E-02,3.42E-02,3.62E-02,4.42E-02,3.23E-02,3.19E-02,3.19E-02,4.67E-02,-1.53E-03,3.47E-02,3.77E-02,9.48E-03,4.16E-02,4.08E-03,5.41E-02,3.23E-02,7.60E-02,5.42E-02,4.64E-02,8.18E-03,2.90E-02,2.50E-02,3.93E-02,-1.41E-03,3.49E-02,3.80E-02,1.01E-02,4.24E-02,5.26E-03,1.54E-02,3.46E-02,4.33E-02,3.14E-02
15859,Zn,Si,O3,ZnSiO3,3.6,3.3,2.3,0.54,2.95E-02,1.57E-02,3.48E-02,2.16E-02,1.65E-02,0.00E+00,4.37E-02,4.82E-02,3.80E-02,1.73E-02,3.35E-02,1.60E-02,3.72E-02,2.24E-02,2.60E-02,1.34E-02,2.58E-02,1.00E-02,9.68E-03,3.24E-02,5.28E-02,4.79E-02,4.24E-02,5.54E-03,3.85E-02,5.74E-02,7.78E-02,4.18E-02,3.70E-02,3.90E-02,3.66E-02,3.70E-02,3.70E-02,3.70E-02,3.65E-02,3.75E-02,3.70E-02,3.68E-02,3.74E-02,3.67E-02,3.75E-02,3.60E-02,3.70E-02,3.42E-02,3.62E-02,3.62E-02,3.77E-02,3.64E-02,3.64E-02,3.58E-02,3.08E-02,3.68E-02,3.53E-02,3.08E-02,3.68E-02,4.20E-02,3.34E-02,3.66E-02,3.04E-02,3.61E-02,3.80E-02,9.53E-03,3.31E-02,2.85E-02,3.01E-02,2.83E-02,3.70E-02,3.56E-02,3.29E-02,3.74E-02,5.42E-02,9.48E-03,3.92E-02,1.73E-02,2.09E-02
13509,Sn,B,O2F,SnBO2F,3.807,1.7,0.3,0.92,2.83E-02,3.83E-02,3.57E-02,3.92E-02,2.94E-02,4.03E-02,5.07E-02,3.77E-02,2.77E-02,1.01E-02,1.92E-02,1.56E-02,4.42E-02,4.48E-02,5.20E-02,1.19E-02,4.20E-02,1.01E-02,3.73E-03,1.25E-02,1.07E-02,4.43E-02,2.75E-02,1.00E-02,5.64E-02,1.05E-02,3.50E-02,4.49E-02,2.78E-02,2.93E-02,3.66E-02,3.70E-02,3.70E-02,3.70E-02,3.65E-02,3.75E-02,3.70E-02,3.68E-02,3.74E-02,3.67E-02,3.75E-02,3.60E-02,3.70E-02,3.42E-02,3.62E-02,3.62E-02,3.77E-02,3.64E-02,3.64E-02,3.58E-02,3.08E-02,3.68E-02,3.53E-02,3.08E-02,3.68E-02,4.20E-02,3.34E-02,3.66E-02,3.04E-02,3.61E-02,3.61E-02,8.99E-03,3.93E-02,3.39E-02,2.85E-02,6.59E-02,3.96E-02,4.55E-02,7.59E-02,3.35E-02,5.65E-03,1.11E-02,4.53E-02,8.65E-03,1.05E-02
6139,Y,Ta,ON2,YTaON2,4.103,2.5,2.3,0.14,4.06E-02,4.81E-02,2.18E-02,2.93E-02,3.59E-02,0.00E+00,7.60E-03,3.27E-02,1.42E-02,1.34E-02,4.96E-03,3.72E-02,2.75E-02,3.36E-02,3.90E-02,3.30E-02,5.63E-02,7.16E-02,6.24E-02,2.85E-02,2.37E-02,2.95E-02,4.10E-02,1.34E-02,7.69E-03,2.23E-02,5.58E-02,3.30E-02,4.63E-02,4.88E-02,3.66E-02,3.70E-02,3.70E-02,3.70E-02,3.65E-02,3.75E-02,3.70E-02,3.68E-02,3.74E-02,3.67E-02,3.75E-02,3.60E-02,3.70E-02,3.42E-02,3.62E-02,4.42E-02,3.23E-02,3.19E-02,3.19E-02,4.67E-02,-1.53E-03,3.47E-02,3.77E-02,9.48E-03,4.16E-02,4.08E-03,5.41E-02,3.23E-02,7.60E-02,5.42E-02,4.64E-02,8.18E-03,2.90E-02,2.50E-02,3.93E-02,-1.41E-03,3.49E-02,3.80E-02,1.01E-02,4.24E-02,5.26E-03,1.54E-02,3.46E-02,4.33E-02,3.14E-02
770,Rb,W,O2N,RbWO2N,4.073,0.6,0.6,0,6.41E-02,1.28E-02,7.48E-03,2.82E-02,1.01E-01,1.56E-02,2.53E-03,2.14E-02,1.15E-01,1.62E-02,1.68E-02,5.07E-03,1.85E-02,4.48E-02,1.30E-02,3.09E-02,5.72E-02,8.30E-02,6.34E-02,2.56E-02,2.37E-02,3.13E-02,4.15E-02,9.59E-03,7.14E-03,6.74E-02,5.49E-02,5.20E-02,5.55E-02,5.85E-02,3.66E-02,3.70E-02,3.70E-02,3.70E-02,3.65E-02,3.75E-02,3.70E-02,3.68E-02,3.74E-02,3.67E-02,3.75E-02,3.60E-02,3.70E-02,3.42E-02,3.62E-02,3.62E-02,3.77E-02,3.64E-02,3.64E-02,3.58E-02,3.08E-02,3.68E-02,3.53E-02,3.08E-02,3.68E-02,4.20E-02,3.34E-02,3.66E-02,3.04E-02,3.61E-02,4.64E-02,8.18E-03,2.90E-02,2.50E-02,3.93E-02,-1.41E-03,3.49E-02,3.80E-02,1.01E-02,4.24E-02,5.26E-03,1.54E-02,3.46E-02,4.33E-02,3.14E-02
8590,Au,Nb,O2S,AuNbO2S,4.404,1,1,0.56,3.39E-02,4.17E-02,9.43E-02,6.50E-02,1.84E-02,7.41E-02,4.18E-02,4.73E-02,1.79E-02,5.70E-03,9.15E-02,2.68E-02,5.72E-02,3.36E-02,3.90E-02,3.30E-02,4.93E-02,3.68E-02,3.20E-02,2.93E-02,3.79E-02,2.89E-02,3.58E-02,1.55E-02,1.46E-02,2.08E-02,4.17E-02,3.52E-02,4.63E-02,4.88E-02,3.66E-02,3.70E-02,3.70E-02,3.70E-02,3.65E-02,3.75E-02,3.70E-02,3.68E-02,3.74E-02,3.67E-02,3.75E-02,3.60E-02,3.70E-02,3.42E-02,3.62E-02,3.62E-02,3.77E-02,3.64E-02,3.64E-02,3.58E-02,3.08E-02,3.68E-02,3.53E-02,3.08E-02,3.68E-02,4.20E-02,3.34E-02,3.66E-02,3.04E-02,3.61E-02,7.87E-03,7.59E-02,4.80E-02,5.71E-02,4.46E-02,4.03E-02,3.75E-02,2.71E-02,2.95E-03,2.89E-02,5.45E-02,7.39E-02,2.94E-02,5.19E-02,6.27E-02
8924,La,Ga,O2S,LaGaO2S,4.347,2.5,2.1,0.34,4.62E-02,4.98E-02,3.00E-02,4.58E-02,4.08E-02,1.66E-02,8.23E-03,2.86E-02,6.55E-03,8.46E-03,3.90E-03,2.45E-02,2.48E-02,3.36E-02,3.90E-02,3.19E-02,2.43E-02,2.54E-02,2.40E-02,3.17E-02,1.15E-02,4.55E-02,3.12E-02,4.20E-02,2.04E-02,1.57E-02,8.67E-03,3.98E-02,2.78E-02,2.93E-02,3.66E-02,3.70E-02,3.70E-02,3.70E-02,3.65E-02,3.75E-02,3.70E-02,3.68E-02,3.74E-02,3.67E-02,3.75E-02,3.60E-02,3.70E-02,3.42E-02,3.62E-02,3.62E-02,3.77E-02,3.64E-02,3.64E-02,3.58E-02,3.08E-02,3.68E-02,3.53E-02,3.08E-02,3.68E-02,4.20E-02,3.34E-02,3.66E-02,3.04E-02,3.61E-02,7.87E-03,7.59E-02,4.80E-02,5.71E-02,4.46E-02,4.03E-02,3.75E-02,2.71E-02,2.95E-03,2.89E-02,5.45E-02,7.39E-02,2.94E-02,5.19E-02,6.27E-02
534,Cd,Ta,O2N,CdTaO2N,4.095,2.2,1.4,0.24,3.78E-02,1.38E-02,4.23E-02,3.71E-02,2.34E-02,0.00E+00,4.43E-02,4.61E-02,3.88E-02,1.03E-02,2.79E-02,1.32E-02,3.81E-02,2.24E-02,2.60E-02,3.30E-02,5.63E-02,7.16E-02,6.24E-02,2.85E-02,2.37E-02,2.95E-02,4.10E-02,1.34E-02,7.69E-03,2.23E-02,5.58E-02,3.30E-02,4.63E-02,4.88E-02,3.66E-02,3.70E-02,3.70E-02,3.70E-02,3.65E-02,3.75E-02,3.70E-02,3.68E-02,3.74E-02,3.67E-02,3.75E-02,3.60E-02,3.70E-02,3.42E-02,3.62E-02,3.62E-02,3.77E-02,3.64E-02,3.64E-02,3.58E-02,3.08E-02,3.68E-02,3.53E-02,3.08E-02,3.68E-02,4.20E-02,3.34E-02,3.66E-02,3.04E-02,3.61E-02,4.64E-02,8.18E-03,2.90E-02,2.50E-02,3.93E-02,-1.41E-03,3.49E-02,3.80E-02,1.01E-02,4.24E-02,5.26E-03,1.54E-02,3.46E-02,4.33E-02,3.14E-02
646,Bi,Ti,O2N,BiTiO2N,3.992,2.3,1.9,0.4,4.10E-02,2.45E-02,4.76E-02,6.90E-02,3.85E-02,3.66E-02,5.45E-02,3.74E-02,1.69E-02,5.43E-03,2.27E-03,2.39E-02,4.55E-02,5.60E-02,3.90E-02,3.14E-02,3.50E-02,1.95E-02,1.65E-02,2.85E-02,7.90E-03,2.64E-02,3.55E-02,1.83E-02,2.87E-02,8.49E-03,2.88E-02,3.39E-02,3.70E-02,3.90E-02,3.66E-02,3.70E-02,3.70E-02,3.70E-02,3.65E-02,3.75E-02,3.70E-02,3.68E-02,3.74E-02,3.67E-02,3.75E-02,3.60E-02,3.70E-02,3.42E-02,3.62E-02,3.62E-02,3.77E-02,3.64E-02,3.64E-02,3.58E-02,3.08E-02,3.68E-02,3.53E-02,3.08E-02,3.68E-02,4.20E-02,3.34E-02,3.66E-02,3.04E-02,3.61E-02,4.64E-02,8.18E-03,2.90E-02,2.50E-02,3.93E-02,-1.41E-03,3.49E-02,3.80E-02,1.01E-02,4.24E-02,5.26E-03,1.54E-02,3.46E-02,4.33E-02,3.14E-02
5618,Sb,Ta,ON2,SbTaON2,4.126,2,1.8,0.36,3.03E-02,2.48E-02,3.27E-02,4.02E-02,3.29E-02,3.36E-02,5.38E-02,4.43E-02,1.38E-02,9.21E-03,7.01E-03,4.30E-02,4.62E-02,5.60E-02,3.90E-02,3.30E-02,5.63E-02,7.16E-02,6.24E-02,2.85E-02,2.37E-02,2.95E-02,4.10E-02,1.34E-02,7.69E-03,2.23E-02,5.58E-02,3.30E-02,4.63E-02,4.88E-02,3.66E-02,3.70E-02,3.70E-02,3.70E-02,3.65E-02,3.75E-02,3.70E-02,3.68E-02,3.74E-02,3.67E-02,3.75E-02,3.60E-02,3.70E-02,3.42E-02,3.62E-02,4.42E-02,3.23E-02,3.19E-02,3.19E-02,4.67E-02,-1.53E-03,3.47E-02,3.77E-02,9.48E-03,4.16E-02,4.08E-03,5.41E-02,3.23E-02,7.60E-02,5.42E-02,4.64E-02,8.18E-03,2.90E-02,2.50E-02,3.93E-02,-1.41E-03,3.49E-02,3.80E-02,1.01E-02,4.24E-02,5.26E-03,1.54E-02,3.46E-02,4.33E-02,3.14E-02
9086,La,Al,O2S,LaAlO2S,4.261,3.9,3.3,0.48,4.62E-02,4.98E-02,3.00E-02,4.58E-02,4.08E-02,1.66E-02,8.23E-03,2.86E-02,6.55E-03,8.46E-03,3.90E-03,2.45E-02,2.48E-02,3.36E-02,3.90E-02,2.78E-02,2.69E-02,1.16E-02,9.30E-03,2.69E-02,1.78E-02,4.49E-02,3.11E-02,4.92E-02,4.94E-02,9.19E-02,1.66E-02,3.54E-02,2.78E-02,2.93E-02,3.66E-02,3.70E-02,3.70E-02,3.70E-02,3.65E-02,3.75E-02,3.70E-02,3.68E-02,3.74E-02,3.67E-02,3.75E-02,3.60E-02,3.70E-02,3.42E-02,3.62E-02,3.62E-02,3.77E-02,3.64E-02,3.64E-02,3.58E-02,3.08E-02,3.68E-02,3.53E-02,3.08E-02,3.68E-02,4.20E-02,3.34E-02,3.66E-02,3.04E-02,3.61E-02,7.87E-03,7.59E-02,4.80E-02,5.71E-02,4.46E-02,4.03E-02,3.75E-02,2.71E-02,2.95E-03,2.89E-02,5.45E-02,7.39E-02,2.94E-02,5.19E-02,6.27E-02
15077,K,Sb,O3,KSbO3,4.002,1.4,0.7,0.16,6.01E-02,1.38E-02,4.20E-03,1.29E-02,8.24E-02,1.61E-02,1.90E-03,2.23E-02,1.03E-01,3.37E-02,2.96E-02,5.05E-03,1.85E-02,1.12E-02,1.30E-02,3.92E-02,1.83E-02,2.88E-02,4.20E-02,4.89E-02,3.99E-02,5.22E-02,4.49E-02,2.34E-02,1.14E-02,9.42E-03,3.07E-02,4.51E-02,4.63E-02,2.93E-02,3.66E-02,3.70E-02,3.70E-02,3.70E-02,3.65E-02,3.75E-02,3.70E-02,3.68E-02,3.74E-02,3.67E-02,3.75E-02,3.60E-02,3.70E-02,3.42E-02,3.62E-02,3.62E-02,3.77E-02,3.64E-02,3.64E-02,3.58E-02,3.08E-02,3.68E-02,3.53E-02,3.08E-02,3.68E-02,4.20E-02,3.34E-02,3.66E-02,3.04E-02,3.61E-02,3.80E-02,9.53E-03,3.31E-02,2.85E-02,3.01E-02,2.83E-02,3.70E-02,3.56E-02,3.29E-02,3.74E-02,5.42E-02,9.48E-03,3.92E-02,1.73E-02,2.09E-02
2654,Zr,Ga,O2N,ZrGaO2N,3.921,2.6,1.9,0.76,3.35E-02,6.23E-02,3.18E-02,3.01E-02,2.53E-02,1.66E-02,2.79E-02,3.25E-02,7.17E-03,1.24E-02,6.55E-03,4.55E-02,3.00E-02,4.48E-02,5.20E-02,3.19E-02,2.43E-02,2.54E-02,2.40E-02,3.17E-02,1.15E-02,4.55E-02,3.12E-02,4.20E-02,2.04E-02,1.57E-02,8.67E-03,3.98E-02,2.78E-02,2.93E-02,3.66E-02,3.70E-02,3.70E-02,3.70E-02,3.65E-02,3.75E-02,3.70E-02,3.68E-02,3.74E-02,3.67E-02,3.75E-02,3.60E-02,3.70E-02,3.42E-02,3.62E-02,3.62E-02,3.77E-02,3.64E-02,3.64E-02,3.58E-02,3.08E-02,3.68E-02,3.53E-02,3.08E-02,3.68E-02,4.20E-02,3.34E-02,3.66E-02,3.04E-02,3.61E-02,4.64E-02,8.18E-03,2.90E-02,2.50E-02,3.93E-02,-1.41E-03,3.49E-02,3.80E-02,1.01E-02,4.24E-02,5.26E-03,1.54E-02,3.46E-02,4.33E-02,3.14E-02
11840,Bi,Be,O2F,BiBeO2F,3.751,3.7,2.9,0.6,4.10E-02,2.45E-02,4.76E-02,6.90E-02,3.85E-02,3.66E-02,5.45E-02,3.74E-02,1.69E-02,5.43E-03,2.27E-03,2.39E-02,4.55E-02,5.60E-02,3.90E-02,2.32E-02,3.19E-02,7.95E-03,3.11E-03,1.31E-02,-9.48E-02,4.12E-02,4.85E-02,2.41E-02,1.00E-01,7.75E-02,1.82E-02,3.46E-02,1.85E-02,1.95E-02,3.66E-02,3.70E-02,3.70E-02,3.70E-02,3.65E-02,3.75E-02,3.70E-02,3.68E-02,3.74E-02,3.67E-02,3.75E-02,3.60E-02,3.70E-02,3.42E-02,3.62E-02,3.62E-02,3.77E-02,3.64E-02,3.64E-02,3.58E-02,3.08E-02,3.68E-02,3.53E-02,3.08E-02,3.68E-02,4.20E-02,3.34E-02,3.66E-02,3.04E-02,3.61E-02,3.61E-02,8.99E-03,3.93E-02,3.39E-02,2.85E-02,6.59E-02,3.96E-02,4.55E-02,7.59E-02,3.35E-02,5.65E-03,1.11E-02,4.53E-02,8.65E-03,1.05E-02
5576,Nb,Al,ON2,NbAlON2,3.773,0.9,0.2,0.78,2.55E-02,6.68E-02,4.19E-02,3.07E-02,1.97E-02,3.19E-02,2.98E-02,3.53E-02,9.19E-03,1.18E-02,1.55E-02,5.83E-02,3.61E-02,5.60E-02,6.51E-02,2.78E-02,2.69E-02,1.16E-02,9.30E-03,2.69E-02,1.78E-02,4.49E-02,3.11E-02,4.92E-02,4.94E-02,9.19E-02,1.66E-02,3.54E-02,2.78E-02,2.93E-02,3.66E-02,3.70E-02,3.70E-02,3.70E-02,3.65E-02,3.75E-02,3.70E-02,3.68E-02,3.74E-02,3.67E-02,3.75E-02,3.60E-02,3.70E-02,3.42E-02,3.62E-02,4.42E-02,3.23E-02,3.19E-02,3.19E-02,4.67E-02,-1.53E-03,3.47E-02,3.77E-02,9.48E-03,4.16E-02,4.08E-03,5.41E-02,3.23E-02,7.60E-02,5.42E-02,4.64E-02,8.18E-03,2.90E-02,2.50E-02,3.93E-02,-1.41E-03,3.49E-02,3.80E-02,1.01E-02,4.24E-02,5.26E-03,1.54E-02,3.46E-02,4.33E-02,3.14E-02
9037,Be,Ca,O2S,BeCaO2S,4.429,0.5,0.4,1.52,1.79E-02,4.32E-02,9.04E-03,2.97E-03,8.83E-03,-7.99E-02,4.24E-02,4.78E-02,1.42E-02,8.12E-02,5.77E-02,2.54E-02,3.54E-02,2.24E-02,2.60E-02,5.15E-02,1.73E-02,6.66E-03,1.38E-02,7.14E-02,-6.16E-02,4.30E-03,3.18E-02,4.75E-02,3.55E-02,7.75E-02,1.32E-02,2.20E-02,1.85E-02,1.95E-02,3.66E-02,3.70E-02,3.70E-02,3.70E-02,3.65E-02,3.75E-02,3.70E-02,3.68E-02,3.74E-02,3.67E-02,3.75E-02,3.60E-02,3.70E-02,3.42E-02,3.62E-02,3.62E-02,3.77E-02,3.64E-02,3.64E-02,3.58E-02,3.08E-02,3.68E-02,3.53E-02,3.08E-02,3.68E-02,4.20E-02,3.34E-02,3.66E-02,3.04E-02,3.61E-02,7.87E-03,7.59E-02,4.80E-02,5.71E-02,4.46E-02,4.03E-02,3.75E-02,2.71E-02,2.95E-03,2.89E-02,5.45E-02,7.39E-02,2.94E-02,5.19E-02,6.27E-02
14946,Ga,Nb,O3,GaNbO3,4.091,1.2,1,0.08,2.47E-02,3.30E-02,2.89E-02,2.30E-02,2.14E-02,9.65E-03,4.69E-02,3.08E-02,2.48E-02,1.65E-02,1.17E-02,1.21E-02,4.08E-02,3.36E-02,3.90E-02,3.30E-02,4.93E-02,3.68E-02,3.20E-02,2.93E-02,3.79E-02,2.89E-02,3.58E-02,1.55E-02,1.46E-02,2.08E-02,4.17E-02,3.52E-02,4.63E-02,4.88E-02,3.66E-02,3.70E-02,3.70E-02,3.70E-02,3.65E-02,3.75E-02,3.70E-02,3.68E-02,3.74E-02,3.67E-02,3.75E-02,3.60E-02,3.70E-02,3.42E-02,3.62E-02,3.62E-02,3.77E-02,3.64E-02,3.64E-02,3.58E-02,3.08E-02,3.68E-02,3.53E-02,3.08E-02,3.68E-02,4.20E-02,3.34E-02,3.66E-02,3.04E-02,3.61E-02,3.80E-02,9.53E-03,3.31E-02,2.85E-02,3.01E-02,2.83E-02,3.70E-02,3.56E-02,3.29E-02,3.74E-02,5.42E-02,9.48E-03,3.92E-02,1.73E-02,2.09E-02
9782,Mg,Ge,O2S,MgGeO2S,4.155,1.7,1.1,0.74,2.87E-02,1.84E-02,8.50E-03,8.02E-03,2.55E-02,-7.65E-02,4.31E-02,3.92E-02,3.12E-02,4.54E-02,4.50E-02,1.94E-02,2.95E-02,2.24E-02,2.60E-02,2.73E-02,3.05E-02,2.29E-02,2.50E-02,3.59E-02,4.74E-02,4.86E-02,4.11E-02,1.21E-02,1.76E-02,2.32E-02,4.93E-02,4.43E-02,3.70E-02,3.90E-02,3.66E-02,3.70E-02,3.70E-02,3.70E-02,3.65E-02,3.75E-02,3.70E-02,3.68E-02,3.74E-02,3.67E-02,3.75E-02,3.60E-02,3.70E-02,3.42E-02,3.62E-02,3.62E-02,3.77E-02,3.64E-02,3.64E-02,3.58E-02,3.08E-02,3.68E-02,3.53E-02,3.08E-02,3.68E-02,4.20E-02,3.34E-02,3.66E-02,3.04E-02,3.61E-02,7.87E-03,7.59E-02,4.80E-02,5.71E-02,4.46E-02,4.03E-02,3.75E-02,2.71E-02,2.95E-03,2.89E-02,5.45E-02,7.39E-02,2.94E-02,5.19E-02,6.27E-02
3559,Sr,Ti,OFN,SrTiOFN,4.062,1.9,1.7,0.48,5.02E-02,2.20E-02,1.24E-02,2.89E-02,6.10E-02,-5.59E-02,5.07E-03,2.92E-02,2.83E-02,1.34E-02,1.02E-03,1.78E-02,2.14E-02,2.24E-02,2.60E-02,3.14E-02,3.50E-02,1.95E-02,1.65E-02,2.85E-02,7.90E-03,2.64E-02,3.55E-02,1.83E-02,2.87E-02,8.49E-03,2.88E-02,3.39E-02,3.70E-02,3.90E-02,3.66E-02,3.70E-02,3.70E-02,3.70E-02,3.65E-02,3.75E-02,3.70E-02,3.68E-02,3.74E-02,3.67E-02,3.75E-02,3.60E-02,3.70E-02,3.42E-02,3.62E-02,3.43E-02,3.55E-02,4.32E-02,4.33E-02,3.39E-02,7.17E-02,3.93E-02,4.51E-02,7.11E-02,3.29E-02,4.38E-03,3.91E-02,4.23E-02,1.52E-02,1.81E-02,4.64E-02,8.18E-03,2.90E-02,2.50E-02,3.93E-02,-1.41E-03,3.49E-02,3.80E-02,1.01E-02,4.24E-02,5.26E-03,1.54E-02,3.46E-02,4.33E-02,3.14E-02
12873,Rb,Si,O2F,RbSiO2F,3.893,2.1,1.6,1.04,6.41E-02,1.28E-02,7.48E-03,2.82E-02,1.01E-01,1.56E-02,2.53E-03,2.14E-02,1.15E-01,1.62E-02,1.68E-02,5.07E-03,1.85E-02,4.48E-02,1.30E-02,1.34E-02,2.58E-02,1.00E-02,9.68E-03,3.24E-02,5.28E-02,4.79E-02,4.24E-02,5.54E-03,3.85E-02,5.74E-02,7.78E-02,4.18E-02,3.70E-02,3.90E-02,3.66E-02,3.70E-02,3.70E-02,3.70E-02,3.65E-02,3.75E-02,3.70E-02,3.68E-02,3.74E-02,3.67E-02,3.75E-02,3.60E-02,3.70E-02,3.42E-02,3.62E-02,3.62E-02,3.77E-02,3.64E-02,3.64E-02,3.58E-02,3.08E-02,3.68E-02,3.53E-02,3.08E-02,3.68E-02,4.20E-02,3.34E-02,3.66E-02,3.04E-02,3.61E-02,3.61E-02,8.99E-03,3.93E-02,3.39E-02,2.85E-02,6.59E-02,3.96E-02,4.55E-02,7.59E-02,3.35E-02,5.65E-03,1.11E-02,4.53E-02,8.65E-03,1.05E-02
12469,In,Zr,O2F,InZrO2F,4.303,3.8,3.2,0.16,3.19E-02,3.13E-02,3.57E-02,3.79E-02,2.84E-02,9.65E-03,4.75E-02,2.97E-02,4.04E-02,1.04E-02,2.35E-02,7.07E-03,4.01E-02,3.36E-02,3.90E-02,4.33E-02,4.60E-02,2.80E-02,3.14E-02,3.75E-02,1.98E-02,2.70E-02,3.30E-02,1.21E-02,1.53E-02,8.80E-03,3.26E-02,2.93E-02,3.70E-02,3.90E-02,3.66E-02,3.70E-02,3.70E-02,3.70E-02,3.65E-02,3.75E-02,3.70E-02,3.68E-02,3.74E-02,3.67E-02,3.75E-02,3.60E-02,3.70E-02,3.42E-02,3.62E-02,3.62E-02,3.77E-02,3.64E-02,3.64E-02,3.58E-02,3.08E-02,3.68E-02,3.53E-02,3.08E-02,3.68E-02,4.20E-02,3.34E-02,3.66E-02,3.04E-02,3.61E-02,3.61E-02,8.99E-03,3.93E-02,3.39E-02,2.85E-02,6.59E-02,3.96E-02,4.55E-02,7.59E-02,3.35E-02,5.65E-03,1.11E-02,4.53E-02,8.65E-03,1.05E-02
701,Sb,Sn,O2N,SbSnO2N,4.12,1.6,0.6,0.96,3.03E-02,2.48E-02,3.27E-02,4.02E-02,3.29E-02,3.36E-02,5.38E-02,4.43E-02,1.38E-02,9.21E-03,7.01E-03,4.30E-02,4.62E-02,5.60E-02,3.90E-02,3.66E-02,2.83E-02,3.14E-02,4.09E-02,4.37E-02,4.78E-02,4.92E-02,3.82E-02,4.69E-02,1.25E-02,2.58E-02,1.12E-02,4.31E-02,3.70E-02,3.90E-02,3.66E-02,3.70E-02,3.70E-02,3.70E-02,3.65E-02,3.75E-02,3.70E-02,3.68E-02,3.74E-02,3.67E-02,3.75E-02,3.60E-02,3.70E-02,3.42E-02,3.62E-02,3.62E-02,3.77E-02,3.64E-02,3.64E-02,3.58E-02,3.08E-02,3.68E-02,3.53E-02,3.08E-02,3.68E-02,4.20E-02,3.34E-02,3.66E-02,3.04E-02,3.61E-02,4.64E-02,8.18E-03,2.90E-02,2.50E-02,3.93E-02,-1.41E-03,3.49E-02,3.80E-02,1.01E-02,4.24E-02,5.26E-03,1.54E-02,3.46E-02,4.33E-02,3.14E-02
11490,Si,La,O2F,SiLaO2F,4.691,0.3,0.3,1.58,1.04E-02,3.50E-02,1.14E-02,9.27E-03,2.18E-02,4.45E-02,4.94E-02,4.18E-02,3.27E-03,3.12E-02,4.27E-02,1.09E-01,4.28E-02,4.48E-02,5.20E-02,5.98E-02,3.67E-02,2.64E-02,4.79E-02,6.05E-02,1.98E-02,7.99E-03,2.90E-02,1.11E-02,1.04E-02,5.23E-03,1.75E-02,2.42E-02,2.78E-02,2.93E-02,3.66E-02,3.70E-02,3.70E-02,3.70E-02,3.65E-02,3.75E-02,3.70E-02,3.68E-02,3.74E-02,3.67E-02,3.75E-02,3.60E-02,3.70E-02,3.42E-02,3.62E-02,3.62E-02,3.77E-02,3.64E-02,3.64E-02,3.58E-02,3.08E-02,3.68E-02,3.53E-02,3.08E-02,3.68E-02,4.20E-02,3.34E-02,3.66E-02,3.04E-02,3.61E-02,3.61E-02,8.99E-03,3.93E-02,3.39E-02,2.85E-02,6.59E-02,3.96E-02,4.55E-02,7.59E-02,3.35E-02,5.65E-03,1.11E-02,4.53E-02,8.65E-03,1.05E-02
1871,Y,Ge,O2N,YGeO2N,3.811,1.8,1.3,0.56,4.06E-02,4.81E-02,2.18E-02,2.93E-02,3.59E-02,0.00E+00,7.60E-03,3.27E-02,1.42E-02,1.34E-02,4.96E-03,3.72E-02,2.75E-02,3.36E-02,3.90E-02,2.73E-02,3.05E-02,2.29E-02,2.50E-02,3.59E-02,4.74E-02,4.86E-02,4.11E-02,1.21E-02,1.76E-02,2.32E-02,4.93E-02,4.43E-02,3.70E-02,3.90E-02,3.66E-02,3.70E-02,3.70E-02,3.70E-02,3.65E-02,3.75E-02,3.70E-02,3.68E-02,3.74E-02,3.67E-02,3.75E-02,3.60E-02,3.70E-02,3.42E-02,3.62E-02,3.62E-02,3.77E-02,3.64E-02,3.64E-02,3.58E-02,3.08E-02,3.68E-02,3.53E-02,3.08E-02,3.68E-02,4.20E-02,3.34E-02,3.66E-02,3.04E-02,3.61E-02,4.64E-02,8.18E-03,2.90E-02,2.50E-02,3.93E-02,-1.41E-03,3.49E-02,3.80E-02,1.01E-02,4.24E-02,5.26E-03,1.54E-02,3.46E-02,4.33E-02,3.14E-02
9595,Si,Sn,O2S,SiSnO2S,4.427,1.6,0.9,1.48,1.04E-02,3.50E-02,1.14E-02,9.27E-03,2.18E-02,4.45E-02,4.94E-02,4.18E-02,3.27E-03,3.12E-02,4.27E-02,1.09E-01,4.28E-02,4.48E-02,5.20E-02,3.66E-02,2.83E-02,3.14E-02,4.09E-02,4.37E-02,4.78E-02,4.92E-02,3.82E-02,4.69E-02,1.25E-02,2.58E-02,1.12E-02,4.31E-02,3.70E-02,3.90E-02,3.66E-02,3.70E-02,3.70E-02,3.70E-02,3.65E-02,3.75E-02,3.70E-02,3.68E-02,3.74E-02,3.67E-02,3.75E-02,3.60E-02,3.70E-02,3.42E-02,3.62E-02,3.62E-02,3.77E-02,3.64E-02,3.64E-02,3.58E-02,3.08E-02,3.68E-02,3.53E-02,3.08E-02,3.68E-02,4.20E-02,3.34E-02,3.66E-02,3.04E-02,3.61E-02,7.87E-03,7.59E-02,4.80E-02,5.71E-02,4.46E-02,4.03E-02,3.75E-02,2.71E-02,2.95E-03,2.89E-02,5.45E-02,7.39E-02,2.94E-02,5.19E-02,6.27E-02
14091,Be,Ti,O3,BeTiO3,3.847,4.9,4.3,0.6,1.79E-02,4.32E-02,9.04E-03,2.97E-03,8.83E-03,-7.99E-02,4.24E-02,4.78E-02,1.42E-02,8.12E-02,5.77E-02,2.54E-02,3.54E-02,2.24E-02,2.60E-02,3.14E-02,3.50E-02,1.95E-02,1.65E-02,2.85E-02,7.90E-03,2.64E-02,3.55E-02,1.83E-02,2.87E-02,8.49E-03,2.88E-02,3.39E-02,3.70E-02,3.90E-02,3.66E-02,3.70E-02,3.70E-02,3.70E-02,3.65E-02,3.75E-02,3.70E-02,3.68E-02,3.74E-02,3.67E-02,3.75E-02,3.60E-02,3.70E-02,3.42E-02,3.62E-02,3.62E-02,3.77E-02,3.64E-02,3.64E-02,3.58E-02,3.08E-02,3.68E-02,3.53E-02,3.08E-02,3.68E-02,4.20E-02,3.34E-02,3.66E-02,3.04E-02,3.61E-02,3.80E-02,9.53E-03,3.31E-02,2.85E-02,3.01E-02,2.83E-02,3.70E-02,3.56E-02,3.29E-02,3.74E-02,5.42E-02,9.48E-03,3.92E-02,1.73E-02,2.09E-02
10202,Ge,Sn,O2S,GeSnO2S,4.465,1.8,1.2,0.74,2.11E-02,4.14E-02,2.60E-02,2.40E-02,2.42E-02,3.99E-02,5.00E-02,4.05E-02,7.17E-03,1.42E-02,1.73E-02,6.90E-02,4.53E-02,4.48E-02,5.20E-02,3.66E-02,2.83E-02,3.14E-02,4.09E-02,4.37E-02,4.78E-02,4.92E-02,3.82E-02,4.69E-02,1.25E-02,2.58E-02,1.12E-02,4.31E-02,3.70E-02,3.90E-02,3.66E-02,3.70E-02,3.70E-02,3.70E-02,3.65E-02,3.75E-02,3.70E-02,3.68E-02,3.74E-02,3.67E-02,3.75E-02,3.60E-02,3.70E-02,3.42E-02,3.62E-02,3.62E-02,3.77E-02,3.64E-02,3.64E-02,3.58E-02,3.08E-02,3.68E-02,3.53E-02,3.08E-02,3.68E-02,4.20E-02,3.34E-02,3.66E-02,3.04E-02,3.61E-02,7.87E-03,7.59E-02,4.80E-02,5.71E-02,4.46E-02,4.03E-02,3.75E-02,2.71E-02,2.95E-03,2.89E-02,5.45E-02,7.39E-02,2.94E-02,5.19E-02,6.27E-02
832,Bi,Ca,O2N,BiCaO2N,4.387,0.4,0.3,1.28,4.10E-02,2.45E-02,4.76E-02,6.90E-02,3.85E-02,3.66E-02,5.45E-02,3.74E-02,1.69E-02,5.43E-03,2.27E-03,2.39E-02,4.55E-02,5.60E-02,3.90E-02,5.15E-02,1.73E-02,6.66E-03,1.38E-02,7.14E-02,-6.16E-02,4.30E-03,3.18E-02,4.75E-02,3.55E-02,7.75E-02,1.32E-02,2.20E-02,1.85E-02,1.95E-02,3.66E-02,3.70E-02,3.70E-02,3.70E-02,3.65E-02,3.75E-02,3.70E-02,3.68E-02,3.74E-02,3.67E-02,3.75E-02,3.60E-02,3.70E-02,3.42E-02,3.62E-02,3.62E-02,3.77E-02,3.64E-02,3.64E-02,3.58E-02,3.08E-02,3.68E-02,3.53E-02,3.08E-02,3.68E-02,4.20E-02,3.34E-02,3.66E-02,3.04E-02,3.61E-02,4.64E-02,8.18E-03,2.90E-02,2.50E-02,3.93E-02,-1.41E-03,3.49E-02,3.80E-02,1.01E-02,4.24E-02,5.26E-03,1.54E-02,3.46E-02,4.33E-02,3.14E-02
1439,Zn,Nb,O2N,ZnNbO2N,4.111,2.3,1.6,0.3,2.95E-02,1.57E-02,3.48E-02,2.16E-02,1.65E-02,0.00E+00,4.37E-02,4.82E-02,3.80E-02,1.73E-02,3.35E-02,1.60E-02,3.72E-02,2.24E-02,2.60E-02,3.30E-02,4.93E-02,3.68E-02,3.20E-02,2.93E-02,3.79E-02,2.89E-02,3.58E-02,1.55E-02,1.46E-02,2.08E-02,4.17E-02,3.52E-02,4.63E-02,4.88E-02,3.66E-02,3.70E-02,3.70E-02,3.70E-02,3.65E-02,3.75E-02,3.70E-02,3.68E-02,3.74E-02,3.67E-02,3.75E-02,3.60E-02,3.70E-02,3.42E-02,3.62E-02,3.62E-02,3.77E-02,3.64E-02,3.64E-02,3.58E-02,3.08E-02,3.68E-02,3.53E-02,3.08E-02,3.68E-02,4.20E-02,3.34E-02,3.66E-02,3.04E-02,3.61E-02,4.64E-02,8.18E-03,2.90E-02,2.50E-02,3.93E-02,-1.41E-03,3.49E-02,3.80E-02,1.01E-02,4.24E-02,5.26E-03,1.54E-02,3.46E-02,4.33E-02,3.14E-02
6888,La,Ta,ON2,LaTaON2,4.142,2.1,1.8,-0.02,4.62E-02,4.98E-02,3.00E-02,4.58E-02,4.08E-02,1.66E-02,8.23E-03,2.86E-02,6.55E-03,8.46E-03,3.90E-03,2.45E-02,2.48E-02,3.36E-02,3.90E-02,3.30E-02,5.63E-02,7.16E-02,6.24E-02,2.85E-02,2.37E-02,2.95E-02,4.10E-02,1.34E-02,7.69E-03,2.23E-02,5.58E-02,3.30E-02,4.63E-02,4.88E-02,3.66E-02,3.70E-02,3.70E-02,3.70E-02,3.65E-02,3.75E-02,3.70E-02,3.68E-02,3.74E-02,3.67E-02,3.75E-02,3.60E-02,3.70E-02,3.42E-02,3.62E-02,4.42E-02,3.23E-02,3.19E-02,3.19E-02,4.67E-02,-1.53E-03,3.47E-02,3.77E-02,9.48E-03,4.16E-02,4.08E-03,5.41E-02,3.23E-02,7.60E-02,5.42E-02,4.64E-02,8.18E-03,2.90E-02,2.50E-02,3.93E-02,-1.41E-03,3.49E-02,3.80E-02,1.01E-02,4.24E-02,5.26E-03,1.54E-02,3.46E-02,4.33E-02,3.14E-02
13382,Bi,Zn,O2F,BiZnO2F,4.089,1.4,0.6,0.64,4.10E-02,2.45E-02,4.76E-02,6.90E-02,3.85E-02,3.66E-02,5.45E-02,3.74E-02,1.69E-02,5.43E-03,2.27E-03,2.39E-02,4.55E-02,5.60E-02,3.90E-02,3.81E-02,1.16E-02,3.07E-02,2.25E-02,2.44E-02,0.00E+00,4.24E-02,4.88E-02,6.43E-02,2.13E-02,4.50E-02,1.14E-02,3.63E-02,1.85E-02,1.95E-02,3.66E-02,3.70E-02,3.70E-02,3.70E-02,3.65E-02,3.75E-02,3.70E-02,3.68E-02,3.74E-02,3.67E-02,3.75E-02,3.60E-02,3.70E-02,3.42E-02,3.62E-02,3.62E-02,3.77E-02,3.64E-02,3.64E-02,3.58E-02,3.08E-02,3.68E-02,3.53E-02,3.08E-02,3.68E-02,4.20E-02,3.34E-02,3.66E-02,3.04E-02,3.61E-02,3.61E-02,8.99E-03,3.93E-02,3.39E-02,2.85E-02,6.59E-02,3.96E-02,4.55E-02,7.59E-02,3.35E-02,5.65E-03,1.11E-02,4.53E-02,8.65E-03,1.05E-02
13056,Be,Sc,O2F,BeScO2F,4.088,2.5,2.2,1.2,1.79E-02,4.32E-02,9.04E-03,2.97E-03,8.83E-03,-7.99E-02,4.24E-02,4.78E-02,1.42E-02,8.12E-02,5.77E-02,2.54E-02,3.54E-02,2.24E-02,2.60E-02,3.86E-02,3.05E-02,1.29E-02,1.55E-02,4.03E-02,7.15E-03,6.76E-03,3.40E-02,2.13E-02,3.12E-02,6.12E-03,2.50E-02,2.99E-02,2.78E-02,2.93E-02,3.66E-02,3.70E-02,3.70E-02,3.70E-02,3.65E-02,3.75E-02,3.70E-02,3.68E-02,3.74E-02,3.67E-02,3.75E-02,3.60E-02,3.70E-02,3.42E-02,3.62E-02,3.62E-02,3.77E-02,3.64E-02,3.64E-02,3.58E-02,3.08E-02,3.68E-02,3.53E-02,3.08E-02,3.68E-02,4.20E-02,3.34E-02,3.66E-02,3.04E-02,3.61E-02,3.61E-02,8.99E-03,3.93E-02,3.39E-02,2.85E-02,6.59E-02,3.96E-02,4.55E-02,7.59E-02,3.35E-02,5.65E-03,1.11E-02,4.53E-02,8.65E-03,1.05E-02
618,Ba,Ta,O2N,BaTaO2N,4.169,2,2,-0.02,5.66E-02,2.77E-02,1.75E-02,4.53E-02,6.85E-02,-1.73E-02,5.70E-03,2.67E-02,2.59E-02,9.08E-03,5.31E-03,1.74E-02,2.01E-02,2.24E-02,2.60E-02,3.30E-02,5.63E-02,7.16E-02,6.24E-02,2.85E-02,2.37E-02,2.95E-02,4.10E-02,1.34E-02,7.69E-03,2.23E-02,5.58E-02,3.30E-02,4.63E-02,4.88E-02,3.66E-02,3.70E-02,3.70E-02,3.70E-02,3.65E-02,3.75E-02,3.70E-02,3.68E-02,3.74E-02,3.67E-02,3.75E-02,3.60E-02,3.70E-02,3.42E-02,3.62E-02,3.62E-02,3.77E-02,3.64E-02,3.64E-02,3.58E-02,3.08E-02,3.68E-02,3.53E-02,3.08E-02,3.68E-02,4.20E-02,3.34E-02,3.66E-02,3.04E-02,3.61E-02,4.64E-02,8.18E-03,2.90E-02,2.50E-02,3.93E-02,-1.41E-03,3.49E-02,3.80E-02,1.01E-02,4.24E-02,5.26E-03,1.54E-02,3.46E-02,4.33E-02,3.14E-02
13973,Sb,In,O3,SbInO3,4.216,2.3,1.5,0.54,3.03E-02,2.48E-02,3.27E-02,4.02E-02,3.29E-02,3.36E-02,5.38E-02,4.43E-02,1.38E-02,9.21E-03,7.01E-03,4.30E-02,4.62E-02,5.60E-02,3.90E-02,4.12E-02,2.31E-02,3.14E-02,3.96E-02,4.22E-02,1.15E-02,4.61E-02,3.01E-02,6.84E-02,1.28E-02,3.16E-02,5.05E-03,3.92E-02,2.78E-02,2.93E-02,3.66E-02,3.70E-02,3.70E-02,3.70E-02,3.65E-02,3.75E-02,3.70E-02,3.68E-02,3.74E-02,3.67E-02,3.75E-02,3.60E-02,3.70E-02,3.42E-02,3.62E-02,3.62E-02,3.77E-02,3.64E-02,3.64E-02,3.58E-02,3.08E-02,3.68E-02,3.53E-02,3.08E-02,3.68E-02,4.20E-02,3.34E-02,3.66E-02,3.04E-02,3.61E-02,3.80E-02,9.53E-03,3.31E-02,2.85E-02,3.01E-02,2.83E-02,3.70E-02,3.56E-02,3.29E-02,3.74E-02,5.42E-02,9.48E-03,3.92E-02,1.73E-02,2.09E-02
15677,As,Y,O3,AsYO3,4.318,0.4,0.3,1.48,2.31E-02,1.17E-02,2.82E-02,2.47E-02,2.34E-02,2.56E-02,5.32E-02,5.03E-02,1.94E-02,1.47E-02,1.44E-02,6.01E-02,4.87E-02,5.60E-02,3.90E-02,5.26E-02,3.55E-02,1.92E-02,3.06E-02,5.32E-02,0.00E+00,7.38E-03,3.32E-02,2.41E-02,1.65E-02,6.67E-03,2.66E-02,2.69E-02,2.78E-02,2.93E-02,3.66E-02,3.70E-02,3.70E-02,3.70E-02,3.65E-02,3.75E-02,3.70E-02,3.68E-02,3.74E-02,3.67E-02,3.75E-02,3.60E-02,3.70E-02,3.42E-02,3.62E-02,3.62E-02,3.77E-02,3.64E-02,3.64E-02,3.58E-02,3.08E-02,3.68E-02,3.53E-02,3.08E-02,3.68E-02,4.20E-02,3.34E-02,3.66E-02,3.04E-02,3.61E-02,3.80E-02,9.53E-03,3.31E-02,2.85E-02,3.01E-02,2.83E-02,3.70E-02,3.56E-02,3.29E-02,3.74E-02,5.42E-02,9.48E-03,3.92E-02,1.73E-02,2.09E-02
10064,Li,Bi,O2S,LiBiO2S,4.569,0.5,0.3,1.22,3.03E-02,2.15E-02,2.59E-03,2.29E-03,2.35E-02,1.99E-02,6.33E-04,2.76E-02,5.79E-02,1.59E-01,2.44E-02,6.51E-03,2.21E-02,1.12E-02,1.30E-02,5.31E-02,1.80E-02,4.19E-02,7.20E-02,5.71E-02,4.35E-02,5.29E-02,3.79E-02,2.85E-02,6.70E-03,3.05E-03,1.71E-02,4.45E-02,4.63E-02,2.93E-02,3.66E-02,3.70E-02,3.70E-02,3.70E-02,3.65E-02,3.75E-02,3.70E-02,3.68E-02,3.74E-02,3.67E-02,3.75E-02,3.60E-02,3.70E-02,3.42E-02,3.62E-02,3.62E-02,3.77E-02,3.64E-02,3.64E-02,3.58E-02,3.08E-02,3.68E-02,3.53E-02,3.08E-02,3.68E-02,4.20E-02,3.34E-02,3.66E-02,3.04E-02,3.61E-02,7.87E-03,7.59E-02,4.80E-02,5.71E-02,4.46E-02,4.03E-02,3.75E-02,2.71E-02,2.95E-03,2.89E-02,5.45E-02,7.39E-02,2.94E-02,5.19E-02,6.27E-02
13125,Ba,B,O2F,BaBO2F,3.983,1.6,1.2,0.88,5.66E-02,2.77E-02,1.75E-02,4.53E-02,6.85E-02,-1.73E-02,5.70E-03,2.67E-02,2.59E-02,9.08E-03,5.31E-03,1.74E-02,2.01E-02,2.24E-02,2.60E-02,1.19E-02,4.20E-02,1.01E-02,3.73E-03,1.25E-02,1.07E-02,4.43E-02,2.75E-02,1.00E-02,5.64E-02,1.05E-02,3.50E-02,4.49E-02,2.78E-02,2.93E-02,3.66E-02,3.70E-02,3.70E-02,3.70E-02,3.65E-02,3.75E-02,3.70E-02,3.68E-02,3.74E-02,3.67E-02,3.75E-02,3.60E-02,3.70E-02,3.42E-02,3.62E-02,3.62E-02,3.77E-02,3.64E-02,3.64E-02,3.58E-02,3.08E-02,3.68E-02,3.53E-02,3.08E-02,3.68E-02,4.20E-02,3.34E-02,3.66E-02,3.04E-02,3.61E-02,3.61E-02,8.99E-03,3.93E-02,3.39E-02,2.85E-02,6.59E-02,3.96E-02,4.55E-02,7.59E-02,3.35E-02,5.65E-03,1.11E-02,4.53E-02,8.65E-03,1.05E-02
14772,Mg,Hf,O3,MgHfO3,4.098,4.8,4.5,0.4,2.87E-02,1.84E-02,8.50E-03,8.02E-03,2.55E-02,-7.65E-02,4.31E-02,3.92E-02,3.12E-02,4.54E-02,4.50E-02,1.94E-02,2.95E-02,2.24E-02,2.60E-02,4.28E-02,4.79E-02,5.72E-02,6.15E-02,3.63E-02,0.00E+00,2.77E-02,3.46E-02,1.26E-02,7.69E-03,8.92E-03,3.37E-02,2.86E-02,3.70E-02,3.90E-02,3.66E-02,3.70E-02,3.70E-02,3.70E-02,3.65E-02,3.75E-02,3.70E-02,3.68E-02,3.74E-02,3.67E-02,3.75E-02,3.60E-02,3.70E-02,3.42E-02,3.62E-02,3.62E-02,3.77E-02,3.64E-02,3.64E-02,3.58E-02,3.08E-02,3.68E-02,3.53E-02,3.08E-02,3.68E-02,4.20E-02,3.34E-02,3.66E-02,3.04E-02,3.61E-02,3.80E-02,9.53E-03,3.31E-02,2.85E-02,3.01E-02,2.83E-02,3.70E-02,3.56E-02,3.29E-02,3.74E-02,5.42E-02,9.48E-03,3.92E-02,1.73E-02,2.09E-02
13085,Na,Si,O2F,NaSiO2F,3.617,5.7,4.6,0.56,4.06E-02,1.54E-02,4.74E-03,7.59E-03,4.33E-02,1.75E-02,1.27E-03,2.63E-02,8.94E-02,5.47E-02,4.07E-02,5.64E-03,2.10E-02,1.12E-02,1.30E-02,1.34E-02,2.58E-02,1.00E-02,9.68E-03,3.24E-02,5.28E-02,4.79E-02,4.24E-02,5.54E-03,3.85E-02,5.74E-02,7.78E-02,4.18E-02,3.70E-02,3.90E-02,3.66E-02,3.70E-02,3.70E-02,3.70E-02,3.65E-02,3.75E-02,3.70E-02,3.68E-02,3.74E-02,3.67E-02,3.75E-02,3.60E-02,3.70E-02,3.42E-02,3.62E-02,3.62E-02,3.77E-02,3.64E-02,3.64E-02,3.58E-02,3.08E-02,3.68E-02,3.53E-02,3.08E-02,3.68E-02,4.20E-02,3.34E-02,3.66E-02,3.04E-02,3.61E-02,3.61E-02,8.99E-03,3.93E-02,3.39E-02,2.85E-02,6.59E-02,3.96E-02,4.55E-02,7.59E-02,3.35E-02,5.65E-03,1.11E-02,4.53E-02,8.65E-03,1.05E-02
13172,La,Mg,O2F,LaMgO2F,3.975,5,4.7,0.22,4.62E-02,4.98E-02,3.00E-02,4.58E-02,4.08E-02,1.66E-02,8.23E-03,2.86E-02,6.55E-03,8.46E-03,3.90E-03,2.45E-02,2.48E-02,3.36E-02,3.90E-02,3.71E-02,1.36E-02,7.48E-03,8.38E-03,3.79E-02,-9.09E-02,4.18E-02,3.98E-02,5.28E-02,5.60E-02,6.05E-02,1.39E-02,2.88E-02,1.85E-02,1.95E-02,3.66E-02,3.70E-02,3.70E-02,3.70E-02,3.65E-02,3.75E-02,3.70E-02,3.68E-02,3.74E-02,3.67E-02,3.75E-02,3.60E-02,3.70E-02,3.42E-02,3.62E-02,3.62E-02,3.77E-02,3.64E-02,3.64E-02,3.58E-02,3.08E-02,3.68E-02,3.53E-02,3.08E-02,3.68E-02,4.20E-02,3.34E-02,3.66E-02,3.04E-02,3.61E-02,3.61E-02,8.99E-03,3.93E-02,3.39E-02,2.85E-02,6.59E-02,3.96E-02,4.55E-02,7.59E-02,3.35E-02,5.65E-03,1.11E-02,4.53E-02,8.65E-03,1.05E-02
13865,Li,Ta,O3,LiTaO3,4.022,5.4,4.7,-0.32,3.03E-02,2.15E-02,2.59E-03,2.29E-03,2.35E-02,1.99E-02,6.33E-04,2.76E-02,5.79E-02,1.59E-01,2.44E-02,6.51E-03,2.21E-02,1.12E-02,1.30E-02,3.30E-02,5.63E-02,7.16E-02,6.24E-02,2.85E-02,2.37E-02,2.95E-02,4.10E-02,1.34E-02,7.69E-03,2.23E-02,5.58E-02,3.30E-02,4.63E-02,4.88E-02,3.66E-02,3.70E-02,3.70E-02,3.70E-02,3.65E-02,3.75E-02,3.70E-02,3.68E-02,3.74E-02,3.67E-02,3.75E-02,3.60E-02,3.70E-02,3.42E-02,3.62E-02,3.62E-02,3.77E-02,3.64E-02,3.64E-02,3.58E-02,3.08E-02,3.68E-02,3.53E-02,3.08E-02,3.68E-02,4.20E-02,3.34E-02,3.66E-02,3.04E-02,3.61E-02,3.80E-02,9.53E-03,3.31E-02,2.85E-02,3.01E-02,2.83E-02,3.70E-02,3.56E-02,3.29E-02,3.74E-02,5.42E-02,9.48E-03,3.92E-02,1.73E-02,2.09E-02
9615,Pb,Ti,O2S,PbTiO2S,4.388,2.7,2.2,0.42,4.74E-02,2.69E-02,5.54E-02,6.84E-02,3.30E-02,3.66E-02,5.13E-02,3.80E-02,3.63E-02,5.74E-03,1.02E-02,1.03E-02,5.25E-02,4.48E-02,2.60E-02,3.14E-02,3.50E-02,1.95E-02,1.65E-02,2.85E-02,7.90E-03,2.64E-02,3.55E-02,1.83E-02,2.87E-02,8.49E-03,2.88E-02,3.39E-02,3.70E-02,3.90E-02,3.66E-02,3.70E-02,3.70E-02,3.70E-02,3.65E-02,3.75E-02,3.70E-02,3.68E-02,3.74E-02,3.67E-02,3.75E-02,3.60E-02,3.70E-02,3.42E-02,3.62E-02,3.62E-02,3.77E-02,3.64E-02,3.64E-02,3.58E-02,3.08E-02,3.68E-02,3.53E-02,3.08E-02,3.68E-02,4.20E-02,3.34E-02,3.66E-02,3.04E-02,3.61E-02,7.87E-03,7.59E-02,4.80E-02,5.71E-02,4.46E-02,4.03E-02,3.75E-02,2.71E-02,2.95E-03,2.89E-02,5.45E-02,7.39E-02,2.94E-02,5.19E-02,6.27E-02
13738,B,Nb,O3,BNbO3,4.049,2.5,1.4,1.2,9.16E-03,5.69E-02,1.14E-02,3.57E-03,8.39E-03,8.98E-03,4.56E-02,2.72E-02,5.92E-03,4.57E-02,7.79E-03,4.90E-02,4.60E-02,3.36E-02,3.90E-02,3.30E-02,4.93E-02,3.68E-02,3.20E-02,2.93E-02,3.79E-02,2.89E-02,3.58E-02,1.55E-02,1.46E-02,2.08E-02,4.17E-02,3.52E-02,4.63E-02,4.88E-02,3.66E-02,3.70E-02,3.70E-02,3.70E-02,3.65E-02,3.75E-02,3.70E-02,3.68E-02,3.74E-02,3.67E-02,3.75E-02,3.60E-02,3.70E-02,3.42E-02,3.62E-02,3.62E-02,3.77E-02,3.64E-02,3.64E-02,3.58E-02,3.08E-02,3.68E-02,3.53E-02,3.08E-02,3.68E-02,4.20E-02,3.34E-02,3.66E-02,3.04E-02,3.61E-02,3.80E-02,9.53E-03,3.31E-02,2.85E-02,3.01E-02,2.83E-02,3.70E-02,3.56E-02,3.29E-02,3.74E-02,5.42E-02,9.48E-03,3.92E-02,1.73E-02,2.09E-02
3123,Hf,Cd,OFN,HfCdOFN,4.201,0.2,0.2,2.12,3.31E-02,6.49E-02,6.50E-02,5.89E-02,2.44E-02,0.00E+00,2.85E-02,3.41E-02,7.43E-03,6.23E-03,6.64E-03,4.72E-02,2.93E-02,4.48E-02,5.20E-02,4.89E-02,1.02E-02,3.72E-02,3.88E-02,3.48E-02,0.00E+00,4.30E-02,4.68E-02,6.56E-02,1.27E-02,3.75E-02,9.41E-03,3.72E-02,1.85E-02,1.95E-02,3.66E-02,3.70E-02,3.70E-02,3.70E-02,3.65E-02,3.75E-02,3.70E-02,3.68E-02,3.74E-02,3.67E-02,3.75E-02,3.60E-02,3.70E-02,3.42E-02,3.62E-02,3.43E-02,3.55E-02,4.32E-02,4.33E-02,3.39E-02,7.17E-02,3.93E-02,4.51E-02,7.11E-02,3.29E-02,4.38E-03,3.91E-02,4.23E-02,1.52E-02,1.81E-02,4.64E-02,8.18E-03,2.90E-02,2.50E-02,3.93E-02,-1.41E-03,3.49E-02,3.80E-02,1.01E-02,4.24E-02,5.26E-03,1.54E-02,3.46E-02,4.33E-02,3.14E-02
10170,Sc,La,O2S,ScLaO2S,4.937,0.7,0.5,1.2,2.99E-02,4.14E-02,1.46E-02,1.48E-02,2.71E-02,6.02E-03,6.97E-03,3.35E-02,1.26E-02,2.53E-02,4.56E-03,3.49E-02,3.07E-02,3.36E-02,3.90E-02,5.98E-02,3.67E-02,2.64E-02,4.79E-02,6.05E-02,1.98E-02,7.99E-03,2.90E-02,1.11E-02,1.04E-02,5.23E-03,1.75E-02,2.42E-02,2.78E-02,2.93E-02,3.66E-02,3.70E-02,3.70E-02,3.70E-02,3.65E-02,3.75E-02,3.70E-02,3.68E-02,3.74E-02,3.67E-02,3.75E-02,3.60E-02,3.70E-02,3.42E-02,3.62E-02,3.62E-02,3.77E-02,3.64E-02,3.64E-02,3.58E-02,3.08E-02,3.68E-02,3.53E-02,3.08E-02,3.68E-02,4.20E-02,3.34E-02,3.66E-02,3.04E-02,3.61E-02,7.87E-03,7.59E-02,4.80E-02,5.71E-02,4.46E-02,4.03E-02,3.75E-02,2.71E-02,2.95E-03,2.89E-02,5.45E-02,7.39E-02,2.94E-02,5.19E-02,6.27E-02
9043,Zn,Ge,O2S,ZnGeO2S,4.14,1.2,0.7,0.86,2.95E-02,1.57E-02,3.48E-02,2.16E-02,1.65E-02,0.00E+00,4.37E-02,4.82E-02,3.80E-02,1.73E-02,3.35E-02,1.60E-02,3.72E-02,2.24E-02,2.60E-02,2.73E-02,3.05E-02,2.29E-02,2.50E-02,3.59E-02,4.74E-02,4.86E-02,4.11E-02,1.21E-02,1.76E-02,2.32E-02,4.93E-02,4.43E-02,3.70E-02,3.90E-02,3.66E-02,3.70E-02,3.70E-02,3.70E-02,3.65E-02,3.75E-02,3.70E-02,3.68E-02,3.74E-02,3.67E-02,3.75E-02,3.60E-02,3.70E-02,3.42E-02,3.62E-02,3.62E-02,3.77E-02,3.64E-02,3.64E-02,3.58E-02,3.08E-02,3.68E-02,3.53E-02,3.08E-02,3.68E-02,4.20E-02,3.34E-02,3.66E-02,3.04E-02,3.61E-02,7.87E-03,7.59E-02,4.80E-02,5.71E-02,4.46E-02,4.03E-02,3.75E-02,2.71E-02,2.95E-03,2.89E-02,5.45E-02,7.39E-02,2.94E-02,5.19E-02,6.27E-02
4877,Sr,Zr,OFN,SrZrOFN,4.288,3.2,3.2,0.54,5.02E-02,2.20E-02,1.24E-02,2.89E-02,6.10E-02,-5.59E-02,5.07E-03,2.92E-02,2.83E-02,1.34E-02,1.02E-03,1.78E-02,2.14E-02,2.24E-02,2.60E-02,4.33E-02,4.60E-02,2.80E-02,3.14E-02,3.75E-02,1.98E-02,2.70E-02,3.30E-02,1.21E-02,1.53E-02,8.80E-03,3.26E-02,2.93E-02,3.70E-02,3.90E-02,3.66E-02,3.70E-02,3.70E-02,3.70E-02,3.65E-02,3.75E-02,3.70E-02,3.68E-02,3.74E-02,3.67E-02,3.75E-02,3.60E-02,3.70E-02,3.42E-02,3.62E-02,3.43E-02,3.55E-02,4.32E-02,4.33E-02,3.39E-02,7.17E-02,3.93E-02,4.51E-02,7.11E-02,3.29E-02,4.38E-03,3.91E-02,4.23E-02,1.52E-02,1.81E-02,4.64E-02,8.18E-03,2.90E-02,2.50E-02,3.93E-02,-1.41E-03,3.49E-02,3.80E-02,1.01E-02,4.24E-02,5.26E-03,1.54E-02,3.46E-02,4.33E-02,3.14E-02
10344,Ni,Mg,O2S,NiMgO2S,4.049,0.4,0.2,0.9,2.75E-02,4.00E-02,4.35E-02,1.94E-02,1.18E-02,3.69E-02,3.86E-02,3.91E-02,1.69E-02,1.98E-02,2.62E-02,3.73E-02,4.30E-02,3.36E-02,2.60E-02,3.71E-02,1.36E-02,7.48E-03,8.38E-03,3.79E-02,-9.09E-02,4.18E-02,3.98E-02,5.28E-02,5.60E-02,6.05E-02,1.39E-02,2.88E-02,1.85E-02,1.95E-02,3.66E-02,3.70E-02,3.70E-02,3.70E-02,3.65E-02,3.75E-02,3.70E-02,3.68E-02,3.74E-02,3.67E-02,3.75E-02,3.60E-02,3.70E-02,3.42E-02,3.62E-02,3.62E-02,3.77E-02,3.64E-02,3.64E-02,3.58E-02,3.08E-02,3.68E-02,3.53E-02,3.08E-02,3.68E-02,4.20E-02,3.34E-02,3.66E-02,3.04E-02,3.61E-02,7.87E-03,7.59E-02,4.80E-02,5.71E-02,4.46E-02,4.03E-02,3.75E-02,2.71E-02,2.95E-03,2.89E-02,5.45E-02,7.39E-02,2.94E-02,5.19E-02,6.27E-02
8182,Zr,Mg,O2S,ZrMgO2S,4.165,0.5,0.4,1.5,3.35E-02,6.23E-02,3.18E-02,3.01E-02,2.53E-02,1.66E-02,2.79E-02,3.25E-02,7.17E-03,1.24E-02,6.55E-03,4.55E-02,3.00E-02,4.48E-02,5.20E-02,3.71E-02,1.36E-02,7.48E-03,8.38E-03,3.79E-02,-9.09E-02,4.18E-02,3.98E-02,5.28E-02,5.60E-02,6.05E-02,1.39E-02,2.88E-02,1.85E-02,1.95E-02,3.66E-02,3.70E-02,3.70E-02,3.70E-02,3.65E-02,3.75E-02,3.70E-02,3.68E-02,3.74E-02,3.67E-02,3.75E-02,3.60E-02,3.70E-02,3.42E-02,3.62E-02,3.62E-02,3.77E-02,3.64E-02,3.64E-02,3.58E-02,3.08E-02,3.68E-02,3.53E-02,3.08E-02,3.68E-02,4.20E-02,3.34E-02,3.66E-02,3.04E-02,3.61E-02,7.87E-03,7.59E-02,4.80E-02,5.71E-02,4.46E-02,4.03E-02,3.75E-02,2.71E-02,2.95E-03,2.89E-02,5.45E-02,7.39E-02,2.94E-02,5.19E-02,6.27E-02
14981,Sn,Ti,O3,SnTiO3,3.969,2.7,2.5,0.1,2.83E-02,3.83E-02,3.57E-02,3.92E-02,2.94E-02,4.03E-02,5.07E-02,3.77E-02,2.77E-02,1.01E-02,1.92E-02,1.56E-02,4.42E-02,4.48E-02,5.20E-02,3.14E-02,3.50E-02,1.95E-02,1.65E-02,2.85E-02,7.90E-03,2.64E-02,3.55E-02,1.83E-02,2.87E-02,8.49E-03,2.88E-02,3.39E-02,3.70E-02,3.90E-02,3.66E-02,3.70E-02,3.70E-02,3.70E-02,3.65E-02,3.75E-02,3.70E-02,3.68E-02,3.74E-02,3.67E-02,3.75E-02,3.60E-02,3.70E-02,3.42E-02,3.62E-02,3.62E-02,3.77E-02,3.64E-02,3.64E-02,3.58E-02,3.08E-02,3.68E-02,3.53E-02,3.08E-02,3.68E-02,4.20E-02,3.34E-02,3.66E-02,3.04E-02,3.61E-02,3.80E-02,9.53E-03,3.31E-02,2.85E-02,3.01E-02,2.83E-02,3.70E-02,3.56E-02,3.29E-02,3.74E-02,5.42E-02,9.48E-03,3.92E-02,1.73E-02,2.09E-02
1258,Pb,V,O2N,PbVO2N,3.945,0.2,0.2,0.36,4.74E-02,2.69E-02,5.54E-02,6.84E-02,3.30E-02,3.66E-02,5.13E-02,3.80E-02,3.63E-02,5.74E-03,1.02E-02,1.03E-02,5.25E-02,4.48E-02,2.60E-02,2.78E-02,3.59E-02,2.63E-02,1.76E-02,2.23E-02,1.98E-02,2.83E-02,3.50E-02,1.79E-02,2.69E-02,1.19E-02,3.53E-02,3.59E-02,4.63E-02,4.88E-02,3.66E-02,3.70E-02,3.70E-02,3.70E-02,3.65E-02,3.75E-02,3.70E-02,3.68E-02,3.74E-02,3.67E-02,3.75E-02,3.60E-02,3.70E-02,3.42E-02,3.62E-02,3.62E-02,3.77E-02,3.64E-02,3.64E-02,3.58E-02,3.08E-02,3.68E-02,3.53E-02,3.08E-02,3.68E-02,4.20E-02,3.34E-02,3.66E-02,3.04E-02,3.61E-02,4.64E-02,8.18E-03,2.90E-02,2.50E-02,3.93E-02,-1.41E-03,3.49E-02,3.80E-02,1.01E-02,4.24E-02,5.26E-03,1.54E-02,3.46E-02,4.33E-02,3.14E-02
18320,Be,Rh,N3,BeRhN3,3.867,0.2,0.2,1.62,1.79E-02,4.32E-02,9.04E-03,2.97E-03,8.83E-03,-7.99E-02,4.24E-02,4.78E-02,1.42E-02,8.12E-02,5.77E-02,2.54E-02,3.54E-02,2.24E-02,2.60E-02,3.45E-02,3.90E-02,5.33E-02,3.55E-02,1.86E-02,4.74E-02,3.63E-02,3.88E-02,1.75E-02,1.33E-02,5.81E-02,3.37E-02,5.02E-02,5.55E-02,2.93E-02,4.47E-02,3.18E-02,3.24E-02,3.24E-02,4.77E-02,-1.86E-03,3.48E-02,3.93E-02,1.15E-02,4.16E-02,3.64E-03,5.83E-02,3.27E-02,8.55E-02,5.43E-02,4.42E-02,3.23E-02,3.19E-02,3.19E-02,4.67E-02,-1.53E-03,3.47E-02,3.77E-02,9.48E-03,4.16E-02,4.08E-03,5.41E-02,3.23E-02,7.60E-02,5.42E-02,4.64E-02,8.18E-03,2.90E-02,2.50E-02,3.93E-02,-1.41E-03,3.49E-02,3.80E-02,1.01E-02,4.24E-02,5.26E-03,1.54E-02,3.46E-02,4.33E-02,3.14E-02
14380,Si,Si,O3,SiSiO3,3.6,4.6,4.5,1.04,1.04E-02,3.50E-02,1.14E-02,9.27E-03,2.18E-02,4.45E-02,4.94E-02,4.18E-02,3.27E-03,3.12E-02,4.27E-02,1.09E-01,4.28E-02,4.48E-02,5.20E-02,1.34E-02,2.58E-02,1.00E-02,9.68E-03,3.24E-02,5.28E-02,4.79E-02,4.24E-02,5.54E-03,3.85E-02,5.74E-02,7.78E-02,4.18E-02,3.70E-02,3.90E-02,3.66E-02,3.70E-02,3.70E-02,3.70E-02,3.65E-02,3.75E-02,3.70E-02,3.68E-02,3.74E-02,3.67E-02,3.75E-02,3.60E-02,3.70E-02,3.42E-02,3.62E-02,3.62E-02,3.77E-02,3.64E-02,3.64E-02,3.58E-02,3.08E-02,3.68E-02,3.53E-02,3.08E-02,3.68E-02,4.20E-02,3.34E-02,3.66E-02,3.04E-02,3.61E-02,3.80E-02,9.53E-03,3.31E-02,2.85E-02,3.01E-02,2.83E-02,3.70E-02,3.56E-02,3.29E-02,3.74E-02,5.42E-02,9.48E-03,3.92E-02,1.73E-02,2.09E-02
18608,Cs,Ir,N3,CsIrN3,4.091,0.3,0.3,2.18,6.93E-02,1.26E-02,9.13E-03,4.39E-02,7.36E-02,1.51E-02,3.17E-03,2.00E-02,1.26E-01,1.07E-02,1.04E-02,4.54E-03,1.78E-02,1.12E-02,1.30E-02,3.25E-02,4.62E-02,9.72E-02,6.63E-02,2.23E-02,5.93E-02,3.69E-02,4.73E-02,1.36E-02,7.14E-03,5.70E-02,4.09E-02,4.84E-02,2.78E-02,3.90E-02,4.47E-02,3.18E-02,3.24E-02,3.24E-02,4.77E-02,-1.86E-03,3.48E-02,3.93E-02,1.15E-02,4.16E-02,3.64E-03,5.83E-02,3.27E-02,8.55E-02,5.43E-02,4.42E-02,3.23E-02,3.19E-02,3.19E-02,4.67E-02,-1.53E-03,3.47E-02,3.77E-02,9.48E-03,4.16E-02,4.08E-03,5.41E-02,3.23E-02,7.60E-02,5.42E-02,4.64E-02,8.18E-03,2.90E-02,2.50E-02,3.93E-02,-1.41E-03,3.49E-02,3.80E-02,1.01E-02,4.24E-02,5.26E-03,1.54E-02,3.46E-02,4.33E-02,3.14E-02
14622,K,Nb,O3,KNbO3,4.098,4.1,3.5,-0.42,6.01E-02,1.38E-02,4.20E-03,1.29E-02,8.24E-02,1.61E-02,1.90E-03,2.23E-02,1.03E-01,3.37E-02,2.96E-02,5.05E-03,1.85E-02,1.12E-02,1.30E-02,3.30E-02,4.93E-02,3.68E-02,3.20E-02,2.93E-02,3.79E-02,2.89E-02,3.58E-02,1.55E-02,1.46E-02,2.08E-02,4.17E-02,3.52E-02,4.63E-02,4.88E-02,3.66E-02,3.70E-02,3.70E-02,3.70E-02,3.65E-02,3.75E-02,3.70E-02,3.68E-02,3.74E-02,3.67E-02,3.75E-02,3.60E-02,3.70E-02,3.42E-02,3.62E-02,3.62E-02,3.77E-02,3.64E-02,3.64E-02,3.58E-02,3.08E-02,3.68E-02,3.53E-02,3.08E-02,3.68E-02,4.20E-02,3.34E-02,3.66E-02,3.04E-02,3.61E-02,3.80E-02,9.53E-03,3.31E-02,2.85E-02,3.01E-02,2.83E-02,3.70E-02,3.56E-02,3.29E-02,3.74E-02,5.42E-02,9.48E-03,3.92E-02,1.73E-02,2.09E-02
5783,Al,Na,ON2,AlNaON2,3.946,1.5,1.2,2.16,2.15E-02,3.65E-02,1.32E-02,8.90E-03,1.81E-02,1.50E-02,4.62E-02,3.07E-02,2.91E-02,4.01E-02,6.84E-02,2.32E-02,3.63E-02,3.36E-02,3.90E-02,5.26E-02,1.14E-02,4.17E-03,7.93E-03,6.43E-02,2.08E-02,1.23E-03,2.67E-02,1.51E-01,6.76E-02,5.47E-02,4.03E-03,2.05E-02,9.26E-03,9.76E-03,3.66E-02,3.70E-02,3.70E-02,3.70E-02,3.65E-02,3.75E-02,3.70E-02,3.68E-02,3.74E-02,3.67E-02,3.75E-02,3.60E-02,3.70E-02,3.42E-02,3.62E-02,4.42E-02,3.23E-02,3.19E-02,3.19E-02,4.67E-02,-1.53E-03,3.47E-02,3.77E-02,9.48E-03,4.16E-02,4.08E-03,5.41E-02,3.23E-02,7.60E-02,5.42E-02,4.64E-02,8.18E-03,2.90E-02,2.50E-02,3.93E-02,-1.41E-03,3.49E-02,3.80E-02,1.01E-02,4.24E-02,5.26E-03,1.54E-02,3.46E-02,4.33E-02,3.14E-02
13104,Rb,Hf,O2F,RbHfO2F,4.27,6,5.5,0.38,6.41E-02,1.28E-02,7.48E-03,2.82E-02,1.01E-01,1.56E-02,2.53E-03,2.14E-02,1.15E-01,1.62E-02,1.68E-02,5.07E-03,1.85E-02,4.48E-02,1.30E-02,4.28E-02,4.79E-02,5.72E-02,6.15E-02,3.63E-02,0.00E+00,2.77E-02,3.46E-02,1.26E-02,7.69E-03,8.92E-03,3.37E-02,2.86E-02,3.70E-02,3.90E-02,3.66E-02,3.70E-02,3.70E-02,3.70E-02,3.65E-02,3.75E-02,3.70E-02,3.68E-02,3.74E-02,3.67E-02,3.75E-02,3.60E-02,3.70E-02,3.42E-02,3.62E-02,3.62E-02,3.77E-02,3.64E-02,3.64E-02,3.58E-02,3.08E-02,3.68E-02,3.53E-02,3.08E-02,3.68E-02,4.20E-02,3.34E-02,3.66E-02,3.04E-02,3.61E-02,3.61E-02,8.99E-03,3.93E-02,3.39E-02,2.85E-02,6.59E-02,3.96E-02,4.55E-02,7.59E-02,3.35E-02,5.65E-03,1.11E-02,4.53E-02,8.65E-03,1.05E-02
12548,Sc,Mg,O2F,ScMgO2F,3.87,2.6,2,0.86,2.99E-02,4.14E-02,1.46E-02,1.48E-02,2.71E-02,6.02E-03,6.97E-03,3.35E-02,1.26E-02,2.53E-02,4.56E-03,3.49E-02,3.07E-02,3.36E-02,3.90E-02,3.71E-02,1.36E-02,7.48E-03,8.38E-03,3.79E-02,-9.09E-02,4.18E-02,3.98E-02,5.28E-02,5.60E-02,6.05E-02,1.39E-02,2.88E-02,1.85E-02,1.95E-02,3.66E-02,3.70E-02,3.70E-02,3.70E-02,3.65E-02,3.75E-02,3.70E-02,3.68E-02,3.74E-02,3.67E-02,3.75E-02,3.60E-02,3.70E-02,3.42E-02,3.62E-02,3.62E-02,3.77E-02,3.64E-02,3.64E-02,3.58E-02,3.08E-02,3.68E-02,3.53E-02,3.08E-02,3.68E-02,4.20E-02,3.34E-02,3.66E-02,3.04E-02,3.61E-02,3.61E-02,8.99E-03,3.93E-02,3.39E-02,2.85E-02,6.59E-02,3.96E-02,4.55E-02,7.59E-02,3.35E-02,5.65E-03,1.11E-02,4.53E-02,8.65E-03,1.05E-02
3494,Sb,As,OFN,SbAsOFN,4.232,0.2,0.2,1,3.03E-02,2.48E-02,3.27E-02,4.02E-02,3.29E-02,3.36E-02,5.38E-02,4.43E-02,1.38E-02,9.21E-03,7.01E-03,4.30E-02,4.62E-02,5.60E-02,3.90E-02,2.99E-02,8.61E-03,2.48E-02,2.58E-02,3.48E-02,3.04E-02,5.16E-02,5.10E-02,3.28E-02,1.81E-02,1.94E-02,4.29E-02,4.76E-02,4.63E-02,2.93E-02,3.66E-02,3.70E-02,3.70E-02,3.70E-02,3.65E-02,3.75E-02,3.70E-02,3.68E-02,3.74E-02,3.67E-02,3.75E-02,3.60E-02,3.70E-02,3.42E-02,3.62E-02,3.43E-02,3.55E-02,4.32E-02,4.33E-02,3.39E-02,7.17E-02,3.93E-02,4.51E-02,7.11E-02,3.29E-02,4.38E-03,3.91E-02,4.23E-02,1.52E-02,1.81E-02,4.64E-02,8.18E-03,2.90E-02,2.50E-02,3.93E-02,-1.41E-03,3.49E-02,3.80E-02,1.01E-02,4.24E-02,5.26E-03,1.54E-02,3.46E-02,4.33E-02,3.14E-02
9476,Ga,Ta,O2S,GaTaO2S,4.403,0.9,0.5,0.32,2.47E-02,3.30E-02,2.89E-02,2.30E-02,2.14E-02,9.65E-03,4.69E-02,3.08E-02,2.48E-02,1.65E-02,1.17E-02,1.21E-02,4.08E-02,3.36E-02,3.90E-02,3.30E-02,5.63E-02,7.16E-02,6.24E-02,2.85E-02,2.37E-02,2.95E-02,4.10E-02,1.34E-02,7.69E-03,2.23E-02,5.58E-02,3.30E-02,4.63E-02,4.88E-02,3.66E-02,3.70E-02,3.70E-02,3.70E-02,3.65E-02,3.75E-02,3.70E-02,3.68E-02,3.74E-02,3.67E-02,3.75E-02,3.60E-02,3.70E-02,3.42E-02,3.62E-02,3.62E-02,3.77E-02,3.64E-02,3.64E-02,3.58E-02,3.08E-02,3.68E-02,3.53E-02,3.08E-02,3.68E-02,4.20E-02,3.34E-02,3.66E-02,3.04E-02,3.61E-02,7.87E-03,7.59E-02,4.80E-02,5.71E-02,4.46E-02,4.03E-02,3.75E-02,2.71E-02,2.95E-03,2.89E-02,5.45E-02,7.39E-02,2.94E-02,5.19E-02,6.27E-02
8746,La,Ir,O2S,LaIrO2S,4.334,0.4,0.2,0.86,4.62E-02,4.98E-02,3.00E-02,4.58E-02,4.08E-02,1.66E-02,8.23E-03,2.86E-02,6.55E-03,8.46E-03,3.90E-03,2.45E-02,2.48E-02,3.36E-02,3.90E-02,3.25E-02,4.62E-02,9.72E-02,6.63E-02,2.23E-02,5.93E-02,3.69E-02,4.73E-02,1.36E-02,7.14E-03,5.70E-02,4.09E-02,4.84E-02,2.78E-02,3.90E-02,3.66E-02,3.70E-02,3.70E-02,3.70E-02,3.65E-02,3.75E-02,3.70E-02,3.68E-02,3.74E-02,3.67E-02,3.75E-02,3.60E-02,3.70E-02,3.42E-02,3.62E-02,3.62E-02,3.77E-02,3.64E-02,3.64E-02,3.58E-02,3.08E-02,3.68E-02,3.53E-02,3.08E-02,3.68E-02,4.20E-02,3.34E-02,3.66E-02,3.04E-02,3.61E-02,7.87E-03,7.59E-02,4.80E-02,5.71E-02,4.46E-02,4.03E-02,3.75E-02,2.71E-02,2.95E-03,2.89E-02,5.45E-02,7.39E-02,2.94E-02,5.19E-02,6.27E-02
3941,Al,B,OFN,AlBOFN,3.56,0.8,0.2,1.52,2.15E-02,3.65E-02,1.32E-02,8.90E-03,1.81E-02,1.50E-02,4.62E-02,3.07E-02,2.91E-02,4.01E-02,6.84E-02,2.32E-02,3.63E-02,3.36E-02,3.90E-02,1.19E-02,4.20E-02,1.01E-02,3.73E-03,1.25E-02,1.07E-02,4.43E-02,2.75E-02,1.00E-02,5.64E-02,1.05E-02,3.50E-02,4.49E-02,2.78E-02,2.93E-02,3.66E-02,3.70E-02,3.70E-02,3.70E-02,3.65E-02,3.75E-02,3.70E-02,3.68E-02,3.74E-02,3.67E-02,3.75E-02,3.60E-02,3.70E-02,3.42E-02,3.62E-02,3.43E-02,3.55E-02,4.32E-02,4.33E-02,3.39E-02,7.17E-02,3.93E-02,4.51E-02,7.11E-02,3.29E-02,4.38E-03,3.91E-02,4.23E-02,1.52E-02,1.81E-02,4.64E-02,8.18E-03,2.90E-02,2.50E-02,3.93E-02,-1.41E-03,3.49E-02,3.80E-02,1.01E-02,4.24E-02,5.26E-03,1.54E-02,3.46E-02,4.33E-02,3.14E-02
8833,Sb,Al,O2S,SbAlO2S,4.228,1.8,1,0.78,3.03E-02,2.48E-02,3.27E-02,4.02E-02,3.29E-02,3.36E-02,5.38E-02,4.43E-02,1.38E-02,9.21E-03,7.01E-03,4.30E-02,4.62E-02,5.60E-02,3.90E-02,2.78E-02,2.69E-02,1.16E-02,9.30E-03,2.69E-02,1.78E-02,4.49E-02,3.11E-02,4.92E-02,4.94E-02,9.19E-02,1.66E-02,3.54E-02,2.78E-02,2.93E-02,3.66E-02,3.70E-02,3.70E-02,3.70E-02,3.65E-02,3.75E-02,3.70E-02,3.68E-02,3.74E-02,3.67E-02,3.75E-02,3.60E-02,3.70E-02,3.42E-02,3.62E-02,3.62E-02,3.77E-02,3.64E-02,3.64E-02,3.58E-02,3.08E-02,3.68E-02,3.53E-02,3.08E-02,3.68E-02,4.20E-02,3.34E-02,3.66E-02,3.04E-02,3.61E-02,7.87E-03,7.59E-02,4.80E-02,5.71E-02,4.46E-02,4.03E-02,3.75E-02,2.71E-02,2.95E-03,2.89E-02,5.45E-02,7.39E-02,2.94E-02,5.19E-02,6.27E-02
7901,Pt,W,ON2,PtWON2,4.083,3.4,1.7,0.6,2.51E-02,5.46E-02,1.05E-01,6.44E-02,1.65E-02,6.83E-02,3.99E-02,4.61E-02,1.11E-02,5.79E-03,2.07E-02,4.26E-02,5.14E-02,4.48E-02,5.20E-02,3.09E-02,5.72E-02,8.30E-02,6.34E-02,2.56E-02,2.37E-02,3.13E-02,4.15E-02,9.59E-03,7.14E-03,6.74E-02,5.49E-02,5.20E-02,5.55E-02,5.85E-02,3.66E-02,3.70E-02,3.70E-02,3.70E-02,3.65E-02,3.75E-02,3.70E-02,3.68E-02,3.74E-02,3.67E-02,3.75E-02,3.60E-02,3.70E-02,3.42E-02,3.62E-02,4.42E-02,3.23E-02,3.19E-02,3.19E-02,4.67E-02,-1.53E-03,3.47E-02,3.77E-02,9.48E-03,4.16E-02,4.08E-03,5.41E-02,3.23E-02,7.60E-02,5.42E-02,4.64E-02,8.18E-03,2.90E-02,2.50E-02,3.93E-02,-1.41E-03,3.49E-02,3.80E-02,1.01E-02,4.24E-02,5.26E-03,1.54E-02,3.46E-02,4.33E-02,3.14E-02
5892,Sb,Nb,ON2,SbNbON2,4.137,1.5,1.2,0.4,3.03E-02,2.48E-02,3.27E-02,4.02E-02,3.29E-02,3.36E-02,5.38E-02,4.43E-02,1.38E-02,9.21E-03,7.01E-03,4.30E-02,4.62E-02,5.60E-02,3.90E-02,3.30E-02,4.93E-02,3.68E-02,3.20E-02,2.93E-02,3.79E-02,2.89E-02,3.58E-02,1.55E-02,1.46E-02,2.08E-02,4.17E-02,3.52E-02,4.63E-02,4.88E-02,3.66E-02,3.70E-02,3.70E-02,3.70E-02,3.65E-02,3.75E-02,3.70E-02,3.68E-02,3.74E-02,3.67E-02,3.75E-02,3.60E-02,3.70E-02,3.42E-02,3.62E-02,4.42E-02,3.23E-02,3.19E-02,3.19E-02,4.67E-02,-1.53E-03,3.47E-02,3.77E-02,9.48E-03,4.16E-02,4.08E-03,5.41E-02,3.23E-02,7.60E-02,5.42E-02,4.64E-02,8.18E-03,2.90E-02,2.50E-02,3.93E-02,-1.41E-03,3.49E-02,3.80E-02,1.01E-02,4.24E-02,5.26E-03,1.54E-02,3.46E-02,4.33E-02,3.14E-02
8146,In,Na,O2S,InNaO2S,4.445,0.5,0.5,1.3,3.19E-02,3.13E-02,3.57E-02,3.79E-02,2.84E-02,9.65E-03,4.75E-02,2.97E-02,4.04E-02,1.04E-02,2.35E-02,7.07E-03,4.01E-02,3.36E-02,3.90E-02,5.26E-02,1.14E-02,4.17E-03,7.93E-03,6.43E-02,2.08E-02,1.23E-03,2.67E-02,1.51E-01,6.76E-02,5.47E-02,4.03E-03,2.05E-02,9.26E-03,9.76E-03,3.66E-02,3.70E-02,3.70E-02,3.70E-02,3.65E-02,3.75E-02,3.70E-02,3.68E-02,3.74E-02,3.67E-02,3.75E-02,3.60E-02,3.70E-02,3.42E-02,3.62E-02,3.62E-02,3.77E-02,3.64E-02,3.64E-02,3.58E-02,3.08E-02,3.68E-02,3.53E-02,3.08E-02,3.68E-02,4.20E-02,3.34E-02,3.66E-02,3.04E-02,3.61E-02,7.87E-03,7.59E-02,4.80E-02,5.71E-02,4.46E-02,4.03E-02,3.75E-02,2.71E-02,2.95E-03,2.89E-02,5.45E-02,7.39E-02,2.94E-02,5.19E-02,6.27E-02
12314,Sr,Ga,O2F,SrGaO2F,3.983,3.8,3.1,0.24,5.02E-02,2.20E-02,1.24E-02,2.89E-02,6.10E-02,-5.59E-02,5.07E-03,2.92E-02,2.83E-02,1.34E-02,1.02E-03,1.78E-02,2.14E-02,2.24E-02,2.60E-02,3.19E-02,2.43E-02,2.54E-02,2.40E-02,3.17E-02,1.15E-02,4.55E-02,3.12E-02,4.20E-02,2.04E-02,1.57E-02,8.67E-03,3.98E-02,2.78E-02,2.93E-02,3.66E-02,3.70E-02,3.70E-02,3.70E-02,3.65E-02,3.75E-02,3.70E-02,3.68E-02,3.74E-02,3.67E-02,3.75E-02,3.60E-02,3.70E-02,3.42E-02,3.62E-02,3.62E-02,3.77E-02,3.64E-02,3.64E-02,3.58E-02,3.08E-02,3.68E-02,3.53E-02,3.08E-02,3.68E-02,4.20E-02,3.34E-02,3.66E-02,3.04E-02,3.61E-02,3.61E-02,8.99E-03,3.93E-02,3.39E-02,2.85E-02,6.59E-02,3.96E-02,4.55E-02,7.59E-02,3.35E-02,5.65E-03,1.11E-02,4.53E-02,8.65E-03,1.05E-02
783,Al,Ge,O2N,AlGeO2N,3.834,2.2,1.2,0.94,2.15E-02,3.65E-02,1.32E-02,8.90E-03,1.81E-02,1.50E-02,4.62E-02,3.07E-02,2.91E-02,4.01E-02,6.84E-02,2.32E-02,3.63E-02,3.36E-02,3.90E-02,2.73E-02,3.05E-02,2.29E-02,2.50E-02,3.59E-02,4.74E-02,4.86E-02,4.11E-02,1.21E-02,1.76E-02,2.32E-02,4.93E-02,4.43E-02,3.70E-02,3.90E-02,3.66E-02,3.70E-02,3.70E-02,3.70E-02,3.65E-02,3.75E-02,3.70E-02,3.68E-02,3.74E-02,3.67E-02,3.75E-02,3.60E-02,3.70E-02,3.42E-02,3.62E-02,3.62E-02,3.77E-02,3.64E-02,3.64E-02,3.58E-02,3.08E-02,3.68E-02,3.53E-02,3.08E-02,3.68E-02,4.20E-02,3.34E-02,3.66E-02,3.04E-02,3.61E-02,4.64E-02,8.18E-03,2.90E-02,2.50E-02,3.93E-02,-1.41E-03,3.49E-02,3.80E-02,1.01E-02,4.24E-02,5.26E-03,1.54E-02,3.46E-02,4.33E-02,3.14E-02
11327,Si,B,O2F,SiBO2F,3.601,2.9,1.4,1.44,1.04E-02,3.50E-02,1.14E-02,9.27E-03,2.18E-02,4.45E-02,4.94E-02,4.18E-02,3.27E-03,3.12E-02,4.27E-02,1.09E-01,4.28E-02,4.48E-02,5.20E-02,1.19E-02,4.20E-02,1.01E-02,3.73E-03,1.25E-02,1.07E-02,4.43E-02,2.75E-02,1.00E-02,5.64E-02,1.05E-02,3.50E-02,4.49E-02,2.78E-02,2.93E-02,3.66E-02,3.70E-02,3.70E-02,3.70E-02,3.65E-02,3.75E-02,3.70E-02,3.68E-02,3.74E-02,3.67E-02,3.75E-02,3.60E-02,3.70E-02,3.42E-02,3.62E-02,3.62E-02,3.77E-02,3.64E-02,3.64E-02,3.58E-02,3.08E-02,3.68E-02,3.53E-02,3.08E-02,3.68E-02,4.20E-02,3.34E-02,3.66E-02,3.04E-02,3.61E-02,3.61E-02,8.99E-03,3.93E-02,3.39E-02,2.85E-02,6.59E-02,3.96E-02,4.55E-02,7.59E-02,3.35E-02,5.65E-03,1.11E-02,4.53E-02,8.65E-03,1.05E-02
14751,Te,Be,O3,TeBeO3,3.638,1.7,0.8,0.94,3.86E-02,1.68E-02,3.05E-02,4.21E-02,3.70E-02,6.33E-02,5.70E-02,4.62E-02,2.37E-02,8.99E-03,6.78E-04,3.79E-02,4.73E-02,6.72E-02,5.20E-02,2.32E-02,3.19E-02,7.95E-03,3.11E-03,1.31E-02,-9.48E-02,4.12E-02,4.85E-02,2.41E-02,1.00E-01,7.75E-02,1.82E-02,3.46E-02,1.85E-02,1.95E-02,3.66E-02,3.70E-02,3.70E-02,3.70E-02,3.65E-02,3.75E-02,3.70E-02,3.68E-02,3.74E-02,3.67E-02,3.75E-02,3.60E-02,3.70E-02,3.42E-02,3.62E-02,3.62E-02,3.77E-02,3.64E-02,3.64E-02,3.58E-02,3.08E-02,3.68E-02,3.53E-02,3.08E-02,3.68E-02,4.20E-02,3.34E-02,3.66E-02,3.04E-02,3.61E-02,3.80E-02,9.53E-03,3.31E-02,2.85E-02,3.01E-02,2.83E-02,3.70E-02,3.56E-02,3.29E-02,3.74E-02,5.42E-02,9.48E-03,3.92E-02,1.73E-02,2.09E-02
16578,Zr,Na,N3,ZrNaN3,4.068,0.6,0.3,2.06,3.35E-02,6.23E-02,3.18E-02,3.01E-02,2.53E-02,1.66E-02,2.79E-02,3.25E-02,7.17E-03,1.24E-02,6.55E-03,4.55E-02,3.00E-02,4.48E-02,5.20E-02,5.26E-02,1.14E-02,4.17E-03,7.93E-03,6.43E-02,2.08E-02,1.23E-03,2.67E-02,1.51E-01,6.76E-02,5.47E-02,4.03E-03,2.05E-02,9.26E-03,9.76E-03,4.47E-02,3.18E-02,3.24E-02,3.24E-02,4.77E-02,-1.86E-03,3.48E-02,3.93E-02,1.15E-02,4.16E-02,3.64E-03,5.83E-02,3.27E-02,8.55E-02,5.43E-02,4.42E-02,3.23E-02,3.19E-02,3.19E-02,4.67E-02,-1.53E-03,3.47E-02,3.77E-02,9.48E-03,4.16E-02,4.08E-03,5.41E-02,3.23E-02,7.60E-02,5.42E-02,4.64E-02,8.18E-03,2.90E-02,2.50E-02,3.93E-02,-1.41E-03,3.49E-02,3.80E-02,1.01E-02,4.24E-02,5.26E-03,1.54E-02,3.46E-02,4.33E-02,3.14E-02
2911,Ni,Ti,OFN,NiTiOFN,4.048,0.2,0.2,0.56,2.75E-02,4.00E-02,4.35E-02,1.94E-02,1.18E-02,3.69E-02,3.86E-02,3.91E-02,1.69E-02,1.98E-02,2.62E-02,3.73E-02,4.30E-02,3.36E-02,2.60E-02,3.14E-02,3.50E-02,1.95E-02,1.65E-02,2.85E-02,7.90E-03,2.64E-02,3.55E-02,1.83E-02,2.87E-02,8.49E-03,2.88E-02,3.39E-02,3.70E-02,3.90E-02,3.66E-02,3.70E-02,3.70E-02,3.70E-02,3.65E-02,3.75E-02,3.70E-02,3.68E-02,3.74E-02,3.67E-02,3.75E-02,3.60E-02,3.70E-02,3.42E-02,3.62E-02,3.43E-02,3.55E-02,4.32E-02,4.33E-02,3.39E-02,7.17E-02,3.93E-02,4.51E-02,7.11E-02,3.29E-02,4.38E-03,3.91E-02,4.23E-02,1.52E-02,1.81E-02,4.64E-02,8.18E-03,2.90E-02,2.50E-02,3.93E-02,-1.41E-03,3.49E-02,3.80E-02,1.01E-02,4.24E-02,5.26E-03,1.54E-02,3.46E-02,4.33E-02,3.14E-02
15655,Hf,Mg,O3,HfMgO3,3.726,2.9,2.7,1,3.31E-02,6.49E-02,6.50E-02,5.89E-02,2.44E-02,0.00E+00,2.85E-02,3.41E-02,7.43E-03,6.23E-03,6.64E-03,4.72E-02,2.93E-02,4.48E-02,5.20E-02,3.71E-02,1.36E-02,7.48E-03,8.38E-03,3.79E-02,-9.09E-02,4.18E-02,3.98E-02,5.28E-02,5.60E-02,6.05E-02,1.39E-02,2.88E-02,1.85E-02,1.95E-02,3.66E-02,3.70E-02,3.70E-02,3.70E-02,3.65E-02,3.75E-02,3.70E-02,3.68E-02,3.74E-02,3.67E-02,3.75E-02,3.60E-02,3.70E-02,3.42E-02,3.62E-02,3.62E-02,3.77E-02,3.64E-02,3.64E-02,3.58E-02,3.08E-02,3.68E-02,3.53E-02,3.08E-02,3.68E-02,4.20E-02,3.34E-02,3.66E-02,3.04E-02,3.61E-02,3.80E-02,9.53E-03,3.31E-02,2.85E-02,3.01E-02,2.83E-02,3.70E-02,3.56E-02,3.29E-02,3.74E-02,5.42E-02,9.48E-03,3.92E-02,1.73E-02,2.09E-02
6535,As,Ta,ON2,AsTaON2,4.091,1.6,1.1,0.56,2.31E-02,1.17E-02,2.82E-02,2.47E-02,2.34E-02,2.56E-02,5.32E-02,5.03E-02,1.94E-02,1.47E-02,1.44E-02,6.01E-02,4.87E-02,5.60E-02,3.90E-02,3.30E-02,5.63E-02,7.16E-02,6.24E-02,2.85E-02,2.37E-02,2.95E-02,4.10E-02,1.34E-02,7.69E-03,2.23E-02,5.58E-02,3.30E-02,4.63E-02,4.88E-02,3.66E-02,3.70E-02,3.70E-02,3.70E-02,3.65E-02,3.75E-02,3.70E-02,3.68E-02,3.74E-02,3.67E-02,3.75E-02,3.60E-02,3.70E-02,3.42E-02,3.62E-02,4.42E-02,3.23E-02,3.19E-02,3.19E-02,4.67E-02,-1.53E-03,3.47E-02,3.77E-02,9.48E-03,4.16E-02,4.08E-03,5.41E-02,3.23E-02,7.60E-02,5.42E-02,4.64E-02,8.18E-03,2.90E-02,2.50E-02,3.93E-02,-1.41E-03,3.49E-02,3.80E-02,1.01E-02,4.24E-02,5.26E-03,1.54E-02,3.46E-02,4.33E-02,3.14E-02
14372,Bi,Ga,O3,BiGaO3,3.921,4.6,4.1,0.4,4.10E-02,2.45E-02,4.76E-02,6.90E-02,3.85E-02,3.66E-02,5.45E-02,3.74E-02,1.69E-02,5.43E-03,2.27E-03,2.39E-02,4.55E-02,5.60E-02,3.90E-02,3.19E-02,2.43E-02,2.54E-02,2.40E-02,3.17E-02,1.15E-02,4.55E-02,3.12E-02,4.20E-02,2.04E-02,1.57E-02,8.67E-03,3.98E-02,2.78E-02,2.93E-02,3.66E-02,3.70E-02,3.70E-02,3.70E-02,3.65E-02,3.75E-02,3.70E-02,3.68E-02,3.74E-02,3.67E-02,3.75E-02,3.60E-02,3.70E-02,3.42E-02,3.62E-02,3.62E-02,3.77E-02,3.64E-02,3.64E-02,3.58E-02,3.08E-02,3.68E-02,3.53E-02,3.08E-02,3.68E-02,4.20E-02,3.34E-02,3.66E-02,3.04E-02,3.61E-02,3.80E-02,9.53E-03,3.31E-02,2.85E-02,3.01E-02,2.83E-02,3.70E-02,3.56E-02,3.29E-02,3.74E-02,5.42E-02,9.48E-03,3.92E-02,1.73E-02,2.09E-02
2178,La,Zr,O2N,LaZrO2N,4.238,3.7,3.4,0.08,4.62E-02,4.98E-02,3.00E-02,4.58E-02,4.08E-02,1.66E-02,8.23E-03,2.86E-02,6.55E-03,8.46E-03,3.90E-03,2.45E-02,2.48E-02,3.36E-02,3.90E-02,4.33E-02,4.60E-02,2.80E-02,3.14E-02,3.75E-02,1.98E-02,2.70E-02,3.30E-02,1.21E-02,1.53E-02,8.80E-03,3.26E-02,2.93E-02,3.70E-02,3.90E-02,3.66E-02,3.70E-02,3.70E-02,3.70E-02,3.65E-02,3.75E-02,3.70E-02,3.68E-02,3.74E-02,3.67E-02,3.75E-02,3.60E-02,3.70E-02,3.42E-02,3.62E-02,3.62E-02,3.77E-02,3.64E-02,3.64E-02,3.58E-02,3.08E-02,3.68E-02,3.53E-02,3.08E-02,3.68E-02,4.20E-02,3.34E-02,3.66E-02,3.04E-02,3.61E-02,4.64E-02,8.18E-03,2.90E-02,2.50E-02,3.93E-02,-1.41E-03,3.49E-02,3.80E-02,1.01E-02,4.24E-02,5.26E-03,1.54E-02,3.46E-02,4.33E-02,3.14E-02
7401,As,Sb,ON2,AsSbON2,4.027,2,1.2,0.96,2.31E-02,1.17E-02,2.82E-02,2.47E-02,2.34E-02,2.56E-02,5.32E-02,5.03E-02,1.94E-02,1.47E-02,1.44E-02,6.01E-02,4.87E-02,5.60E-02,3.90E-02,3.92E-02,1.83E-02,2.88E-02,4.20E-02,4.89E-02,3.99E-02,5.22E-02,4.49E-02,2.34E-02,1.14E-02,9.42E-03,3.07E-02,4.51E-02,4.63E-02,2.93E-02,3.66E-02,3.70E-02,3.70E-02,3.70E-02,3.65E-02,3.75E-02,3.70E-02,3.68E-02,3.74E-02,3.67E-02,3.75E-02,3.60E-02,3.70E-02,3.42E-02,3.62E-02,4.42E-02,3.23E-02,3.19E-02,3.19E-02,4.67E-02,-1.53E-03,3.47E-02,3.77E-02,9.48E-03,4.16E-02,4.08E-03,5.41E-02,3.23E-02,7.60E-02,5.42E-02,4.64E-02,8.18E-03,2.90E-02,2.50E-02,3.93E-02,-1.41E-03,3.49E-02,3.80E-02,1.01E-02,4.24E-02,5.26E-03,1.54E-02,3.46E-02,4.33E-02,3.14E-02
17360,Al,Ru,N3,AlRuN3,3.958,1.3,0.9,1.16,2.15E-02,3.65E-02,1.32E-02,8.90E-03,1.81E-02,1.50E-02,4.62E-02,3.07E-02,2.91E-02,4.01E-02,6.84E-02,2.32E-02,3.63E-02,3.36E-02,3.90E-02,3.19E-02,4.35E-02,5.32E-02,3.48E-02,2.27E-02,4.35E-02,3.44E-02,3.83E-02,1.36E-02,1.31E-02,4.54E-02,3.96E-02,4.84E-02,7.41E-02,2.93E-02,4.47E-02,3.18E-02,3.24E-02,3.24E-02,4.77E-02,-1.86E-03,3.48E-02,3.93E-02,1.15E-02,4.16E-02,3.64E-03,5.83E-02,3.27E-02,8.55E-02,5.43E-02,4.42E-02,3.23E-02,3.19E-02,3.19E-02,4.67E-02,-1.53E-03,3.47E-02,3.77E-02,9.48E-03,4.16E-02,4.08E-03,5.41E-02,3.23E-02,7.60E-02,5.42E-02,4.64E-02,8.18E-03,2.90E-02,2.50E-02,3.93E-02,-1.41E-03,3.49E-02,3.80E-02,1.01E-02,4.24E-02,5.26E-03,1.54E-02,3.46E-02,4.33E-02,3.14E-02
16177,Pb,Te,O3,PbTeO3,4.313,1.2,0.9,0.64,4.74E-02,2.69E-02,5.54E-02,6.84E-02,3.30E-02,3.66E-02,5.13E-02,3.80E-02,3.63E-02,5.74E-03,1.02E-02,1.03E-02,5.25E-02,4.48E-02,2.60E-02,5.00E-02,1.24E-02,2.68E-02,4.40E-02,5.49E-02,7.51E-02,5.53E-02,4.68E-02,4.00E-02,1.11E-02,9.11E-04,2.71E-02,4.62E-02,5.55E-02,3.90E-02,3.66E-02,3.70E-02,3.70E-02,3.70E-02,3.65E-02,3.75E-02,3.70E-02,3.68E-02,3.74E-02,3.67E-02,3.75E-02,3.60E-02,3.70E-02,3.42E-02,3.62E-02,3.62E-02,3.77E-02,3.64E-02,3.64E-02,3.58E-02,3.08E-02,3.68E-02,3.53E-02,3.08E-02,3.68E-02,4.20E-02,3.34E-02,3.66E-02,3.04E-02,3.61E-02,3.80E-02,9.53E-03,3.31E-02,2.85E-02,3.01E-02,2.83E-02,3.70E-02,3.56E-02,3.29E-02,3.74E-02,5.42E-02,9.48E-03,3.92E-02,1.73E-02,2.09E-02
5033,Mg,Sn,OFN,MgSnOFN,4.163,0.9,0.4,1.14,2.87E-02,1.84E-02,8.50E-03,8.02E-03,2.55E-02,-7.65E-02,4.31E-02,3.92E-02,3.12E-02,4.54E-02,4.50E-02,1.94E-02,2.95E-02,2.24E-02,2.60E-02,3.66E-02,2.83E-02,3.14E-02,4.09E-02,4.37E-02,4.78E-02,4.92E-02,3.82E-02,4.69E-02,1.25E-02,2.58E-02,1.12E-02,4.31E-02,3.70E-02,3.90E-02,3.66E-02,3.70E-02,3.70E-02,3.70E-02,3.65E-02,3.75E-02,3.70E-02,3.68E-02,3.74E-02,3.67E-02,3.75E-02,3.60E-02,3.70E-02,3.42E-02,3.62E-02,3.43E-02,3.55E-02,4.32E-02,4.33E-02,3.39E-02,7.17E-02,3.93E-02,4.51E-02,7.11E-02,3.29E-02,4.38E-03,3.91E-02,4.23E-02,1.52E-02,1.81E-02,4.64E-02,8.18E-03,2.90E-02,2.50E-02,3.93E-02,-1.41E-03,3.49E-02,3.80E-02,1.01E-02,4.24E-02,5.26E-03,1.54E-02,3.46E-02,4.33E-02,3.14E-02
13057,Cd,B,O2F,CdBO2F,3.653,3.1,2.1,0.96,3.78E-02,1.38E-02,4.23E-02,3.71E-02,2.34E-02,0.00E+00,4.43E-02,4.61E-02,3.88E-02,1.03E-02,2.79E-02,1.32E-02,3.81E-02,2.24E-02,2.60E-02,1.19E-02,4.20E-02,1.01E-02,3.73E-03,1.25E-02,1.07E-02,4.43E-02,2.75E-02,1.00E-02,5.64E-02,1.05E-02,3.50E-02,4.49E-02,2.78E-02,2.93E-02,3.66E-02,3.70E-02,3.70E-02,3.70E-02,3.65E-02,3.75E-02,3.70E-02,3.68E-02,3.74E-02,3.67E-02,3.75E-02,3.60E-02,3.70E-02,3.42E-02,3.62E-02,3.62E-02,3.77E-02,3.64E-02,3.64E-02,3.58E-02,3.08E-02,3.68E-02,3.53E-02,3.08E-02,3.68E-02,4.20E-02,3.34E-02,3.66E-02,3.04E-02,3.61E-02,3.61E-02,8.99E-03,3.93E-02,3.39E-02,2.85E-02,6.59E-02,3.96E-02,4.55E-02,7.59E-02,3.35E-02,5.65E-03,1.11E-02,4.53E-02,8.65E-03,1.05E-02
12479,Hf,Li,O2F,HfLiO2F,3.582,2.1,1.6,1.26,3.31E-02,6.49E-02,6.50E-02,5.89E-02,2.44E-02,0.00E+00,2.85E-02,3.41E-02,7.43E-03,6.23E-03,6.64E-03,4.72E-02,2.93E-02,4.48E-02,5.20E-02,3.92E-02,1.59E-02,2.28E-03,2.39E-03,3.50E-02,2.36E-02,6.15E-04,2.80E-02,9.80E-02,1.97E-01,3.28E-02,4.65E-03,2.16E-02,9.26E-03,9.76E-03,3.66E-02,3.70E-02,3.70E-02,3.70E-02,3.65E-02,3.75E-02,3.70E-02,3.68E-02,3.74E-02,3.67E-02,3.75E-02,3.60E-02,3.70E-02,3.42E-02,3.62E-02,3.62E-02,3.77E-02,3.64E-02,3.64E-02,3.58E-02,3.08E-02,3.68E-02,3.53E-02,3.08E-02,3.68E-02,4.20E-02,3.34E-02,3.66E-02,3.04E-02,3.61E-02,3.61E-02,8.99E-03,3.93E-02,3.39E-02,2.85E-02,6.59E-02,3.96E-02,4.55E-02,7.59E-02,3.35E-02,5.65E-03,1.11E-02,4.53E-02,8.65E-03,1.05E-02
10681,Nb,Nb,O2S,NbNbO2S,4.4,0.2,0.2,0.64,2.55E-02,6.68E-02,4.19E-02,3.07E-02,1.97E-02,3.19E-02,2.98E-02,3.53E-02,9.19E-03,1.18E-02,1.55E-02,5.83E-02,3.61E-02,5.60E-02,6.51E-02,3.30E-02,4.93E-02,3.68E-02,3.20E-02,2.93E-02,3.79E-02,2.89E-02,3.58E-02,1.55E-02,1.46E-02,2.08E-02,4.17E-02,3.52E-02,4.63E-02,4.88E-02,3.66E-02,3.70E-02,3.70E-02,3.70E-02,3.65E-02,3.75E-02,3.70E-02,3.68E-02,3.74E-02,3.67E-02,3.75E-02,3.60E-02,3.70E-02,3.42E-02,3.62E-02,3.62E-02,3.77E-02,3.64E-02,3.64E-02,3.58E-02,3.08E-02,3.68E-02,3.53E-02,3.08E-02,3.68E-02,4.20E-02,3.34E-02,3.66E-02,3.04E-02,3.61E-02,7.87E-03,7.59E-02,4.80E-02,5.71E-02,4.46E-02,4.03E-02,3.75E-02,2.71E-02,2.95E-03,2.89E-02,5.45E-02,7.39E-02,2.94E-02,5.19E-02,6.27E-02
4482,Y,Sc,OFN,YScOFN,4.125,1.8,1.8,0.72,4.06E-02,4.81E-02,2.18E-02,2.93E-02,3.59E-02,0.00E+00,7.60E-03,3.27E-02,1.42E-02,1.34E-02,4.96E-03,3.72E-02,2.75E-02,3.36E-02,3.90E-02,3.86E-02,3.05E-02,1.29E-02,1.55E-02,4.03E-02,7.15E-03,6.76E-03,3.40E-02,2.13E-02,3.12E-02,6.12E-03,2.50E-02,2.99E-02,2.78E-02,2.93E-02,3.66E-02,3.70E-02,3.70E-02,3.70E-02,3.65E-02,3.75E-02,3.70E-02,3.68E-02,3.74E-02,3.67E-02,3.75E-02,3.60E-02,3.70E-02,3.42E-02,3.62E-02,3.43E-02,3.55E-02,4.32E-02,4.33E-02,3.39E-02,7.17E-02,3.93E-02,4.51E-02,7.11E-02,3.29E-02,4.38E-03,3.91E-02,4.23E-02,1.52E-02,1.81E-02,4.64E-02,8.18E-03,2.90E-02,2.50E-02,3.93E-02,-1.41E-03,3.49E-02,3.80E-02,1.01E-02,4.24E-02,5.26E-03,1.54E-02,3.46E-02,4.33E-02,3.14E-02
2768,Ga,Ta,OFN,GaTaOFN,4.156,0.6,0.3,0.46,2.47E-02,3.30E-02,2.89E-02,2.30E-02,2.14E-02,9.65E-03,4.69E-02,3.08E-02,2.48E-02,1.65E-02,1.17E-02,1.21E-02,4.08E-02,3.36E-02,3.90E-02,3.30E-02,5.63E-02,7.16E-02,6.24E-02,2.85E-02,2.37E-02,2.95E-02,4.10E-02,1.34E-02,7.69E-03,2.23E-02,5.58E-02,3.30E-02,4.63E-02,4.88E-02,3.66E-02,3.70E-02,3.70E-02,3.70E-02,3.65E-02,3.75E-02,3.70E-02,3.68E-02,3.74E-02,3.67E-02,3.75E-02,3.60E-02,3.70E-02,3.42E-02,3.62E-02,3.43E-02,3.55E-02,4.32E-02,4.33E-02,3.39E-02,7.17E-02,3.93E-02,4.51E-02,7.11E-02,3.29E-02,4.38E-03,3.91E-02,4.23E-02,1.52E-02,1.81E-02,4.64E-02,8.18E-03,2.90E-02,2.50E-02,3.93E-02,-1.41E-03,3.49E-02,3.80E-02,1.01E-02,4.24E-02,5.26E-03,1.54E-02,3.46E-02,4.33E-02,3.14E-02
5304,Ge,Ti,OFN,GeTiOFN,3.975,1.6,1.1,0.52,2.11E-02,4.14E-02,2.60E-02,2.40E-02,2.42E-02,3.99E-02,5.00E-02,4.05E-02,7.17E-03,1.42E-02,1.73E-02,6.90E-02,4.53E-02,4.48E-02,5.20E-02,3.14E-02,3.50E-02,1.95E-02,1.65E-02,2.85E-02,7.90E-03,2.64E-02,3.55E-02,1.83E-02,2.87E-02,8.49E-03,2.88E-02,3.39E-02,3.70E-02,3.90E-02,3.66E-02,3.70E-02,3.70E-02,3.70E-02,3.65E-02,3.75E-02,3.70E-02,3.68E-02,3.74E-02,3.67E-02,3.75E-02,3.60E-02,3.70E-02,3.42E-02,3.62E-02,3.43E-02,3.55E-02,4.32E-02,4.33E-02,3.39E-02,7.17E-02,3.93E-02,4.51E-02,7.11E-02,3.29E-02,4.38E-03,3.91E-02,4.23E-02,1.52E-02,1.81E-02,4.64E-02,8.18E-03,2.90E-02,2.50E-02,3.93E-02,-1.41E-03,3.49E-02,3.80E-02,1.01E-02,4.24E-02,5.26E-03,1.54E-02,3.46E-02,4.33E-02,3.14E-02
10547,Be,Si,O2S,BeSiO2S,3.978,2.5,1.6,1.14,1.79E-02,4.32E-02,9.04E-03,2.97E-03,8.83E-03,-7.99E-02,4.24E-02,4.78E-02,1.42E-02,8.12E-02,5.77E-02,2.54E-02,3.54E-02,2.24E-02,2.60E-02,1.34E-02,2.58E-02,1.00E-02,9.68E-03,3.24E-02,5.28E-02,4.79E-02,4.24E-02,5.54E-03,3.85E-02,5.74E-02,7.78E-02,4.18E-02,3.70E-02,3.90E-02,3.66E-02,3.70E-02,3.70E-02,3.70E-02,3.65E-02,3.75E-02,3.70E-02,3.68E-02,3.74E-02,3.67E-02,3.75E-02,3.60E-02,3.70E-02,3.42E-02,3.62E-02,3.62E-02,3.77E-02,3.64E-02,3.64E-02,3.58E-02,3.08E-02,3.68E-02,3.53E-02,3.08E-02,3.68E-02,4.20E-02,3.34E-02,3.66E-02,3.04E-02,3.61E-02,7.87E-03,7.59E-02,4.80E-02,5.71E-02,4.46E-02,4.03E-02,3.75E-02,2.71E-02,2.95E-03,2.89E-02,5.45E-02,7.39E-02,2.94E-02,5.19E-02,6.27E-02
2334,Hf,Sc,O2N,HfScO2N,4.054,1.7,1,0.76,3.31E-02,6.49E-02,6.50E-02,5.89E-02,2.44E-02,0.00E+00,2.85E-02,3.41E-02,7.43E-03,6.23E-03,6.64E-03,4.72E-02,2.93E-02,4.48E-02,5.20E-02,3.86E-02,3.05E-02,1.29E-02,1.55E-02,4.03E-02,7.15E-03,6.76E-03,3.40E-02,2.13E-02,3.12E-02,6.12E-03,2.50E-02,2.99E-02,2.78E-02,2.93E-02,3.66E-02,3.70E-02,3.70E-02,3.70E-02,3.65E-02,3.75E-02,3.70E-02,3.68E-02,3.74E-02,3.67E-02,3.75E-02,3.60E-02,3.70E-02,3.42E-02,3.62E-02,3.62E-02,3.77E-02,3.64E-02,3.64E-02,3.58E-02,3.08E-02,3.68E-02,3.53E-02,3.08E-02,3.68E-02,4.20E-02,3.34E-02,3.66E-02,3.04E-02,3.61E-02,4.64E-02,8.18E-03,2.90E-02,2.50E-02,3.93E-02,-1.41E-03,3.49E-02,3.80E-02,1.01E-02,4.24E-02,5.26E-03,1.54E-02,3.46E-02,4.33E-02,3.14E-02
13984,Zn,Ge,O3,ZnGeO3,3.815,2.3,1.7,0.48,2.95E-02,1.57E-02,3.48E-02,2.16E-02,1.65E-02,0.00E+00,4.37E-02,4.82E-02,3.80E-02,1.73E-02,3.35E-02,1.60E-02,3.72E-02,2.24E-02,2.60E-02,2.73E-02,3.05E-02,2.29E-02,2.50E-02,3.59E-02,4.74E-02,4.86E-02,4.11E-02,1.21E-02,1.76E-02,2.32E-02,4.93E-02,4.43E-02,3.70E-02,3.90E-02,3.66E-02,3.70E-02,3.70E-02,3.70E-02,3.65E-02,3.75E-02,3.70E-02,3.68E-02,3.74E-02,3.67E-02,3.75E-02,3.60E-02,3.70E-02,3.42E-02,3.62E-02,3.62E-02,3.77E-02,3.64E-02,3.64E-02,3.58E-02,3.08E-02,3.68E-02,3.53E-02,3.08E-02,3.68E-02,4.20E-02,3.34E-02,3.66E-02,3.04E-02,3.61E-02,3.80E-02,9.53E-03,3.31E-02,2.85E-02,3.01E-02,2.83E-02,3.70E-02,3.56E-02,3.29E-02,3.74E-02,5.42E-02,9.48E-03,3.92E-02,1.73E-02,2.09E-02
14046,Li,Sb,O3,LiSbO3,3.902,2.9,1.9,0.44,3.03E-02,2.15E-02,2.59E-03,2.29E-03,2.35E-02,1.99E-02,6.33E-04,2.76E-02,5.79E-02,1.59E-01,2.44E-02,6.51E-03,2.21E-02,1.12E-02,1.30E-02,3.92E-02,1.83E-02,2.88E-02,4.20E-02,4.89E-02,3.99E-02,5.22E-02,4.49E-02,2.34E-02,1.14E-02,9.42E-03,3.07E-02,4.51E-02,4.63E-02,2.93E-02,3.66E-02,3.70E-02,3.70E-02,3.70E-02,3.65E-02,3.75E-02,3.70E-02,3.68E-02,3.74E-02,3.67E-02,3.75E-02,3.60E-02,3.70E-02,3.42E-02,3.62E-02,3.62E-02,3.77E-02,3.64E-02,3.64E-02,3.58E-02,3.08E-02,3.68E-02,3.53E-02,3.08E-02,3.68E-02,4.20E-02,3.34E-02,3.66E-02,3.04E-02,3.61E-02,3.80E-02,9.53E-03,3.31E-02,2.85E-02,3.01E-02,2.83E-02,3.70E-02,3.56E-02,3.29E-02,3.74E-02,5.42E-02,9.48E-03,3.92E-02,1.73E-02,2.09E-02
5265,Ag,Nb,OFN,AgNbOFN,4.165,1.3,1,0.42,4.58E-02,3.24E-02,5.13E-02,3.56E-02,1.85E-02,4.18E-02,4.12E-02,3.88E-02,2.38E-02,1.05E-02,1.24E-01,2.45E-02,4.35E-02,2.24E-02,1.30E-02,3.30E-02,4.93E-02,3.68E-02,3.20E-02,2.93E-02,3.79E-02,2.89E-02,3.58E-02,1.55E-02,1.46E-02,2.08E-02,4.17E-02,3.52E-02,4.63E-02,4.88E-02,3.66E-02,3.70E-02,3.70E-02,3.70E-02,3.65E-02,3.75E-02,3.70E-02,3.68E-02,3.74E-02,3.67E-02,3.75E-02,3.60E-02,3.70E-02,3.42E-02,3.62E-02,3.43E-02,3.55E-02,4.32E-02,4.33E-02,3.39E-02,7.17E-02,3.93E-02,4.51E-02,7.11E-02,3.29E-02,4.38E-03,3.91E-02,4.23E-02,1.52E-02,1.81E-02,4.64E-02,8.18E-03,2.90E-02,2.50E-02,3.93E-02,-1.41E-03,3.49E-02,3.80E-02,1.01E-02,4.24E-02,5.26E-03,1.54E-02,3.46E-02,4.33E-02,3.14E-02
13340,Ge,Sc,O2F,GeScO2F,4.128,3.2,2.4,0.58,2.11E-02,4.14E-02,2.60E-02,2.40E-02,2.42E-02,3.99E-02,5.00E-02,4.05E-02,7.17E-03,1.42E-02,1.73E-02,6.90E-02,4.53E-02,4.48E-02,5.20E-02,3.86E-02,3.05E-02,1.29E-02,1.55E-02,4.03E-02,7.15E-03,6.76E-03,3.40E-02,2.13E-02,3.12E-02,6.12E-03,2.50E-02,2.99E-02,2.78E-02,2.93E-02,3.66E-02,3.70E-02,3.70E-02,3.70E-02,3.65E-02,3.75E-02,3.70E-02,3.68E-02,3.74E-02,3.67E-02,3.75E-02,3.60E-02,3.70E-02,3.42E-02,3.62E-02,3.62E-02,3.77E-02,3.64E-02,3.64E-02,3.58E-02,3.08E-02,3.68E-02,3.53E-02,3.08E-02,3.68E-02,4.20E-02,3.34E-02,3.66E-02,3.04E-02,3.61E-02,3.61E-02,8.99E-03,3.93E-02,3.39E-02,2.85E-02,6.59E-02,3.96E-02,4.55E-02,7.59E-02,3.35E-02,5.65E-03,1.11E-02,4.53E-02,8.65E-03,1.05E-02
9855,In,Li,O2S,InLiO2S,4.093,0.5,0.3,1.1,3.19E-02,3.13E-02,3.57E-02,3.79E-02,2.84E-02,9.65E-03,4.75E-02,2.97E-02,4.04E-02,1.04E-02,2.35E-02,7.07E-03,4.01E-02,3.36E-02,3.90E-02,3.92E-02,1.59E-02,2.28E-03,2.39E-03,3.50E-02,2.36E-02,6.15E-04,2.80E-02,9.80E-02,1.97E-01,3.28E-02,4.65E-03,2.16E-02,9.26E-03,9.76E-03,3.66E-02,3.70E-02,3.70E-02,3.70E-02,3.65E-02,3.75E-02,3.70E-02,3.68E-02,3.74E-02,3.67E-02,3.75E-02,3.60E-02,3.70E-02,3.42E-02,3.62E-02,3.62E-02,3.77E-02,3.64E-02,3.64E-02,3.58E-02,3.08E-02,3.68E-02,3.53E-02,3.08E-02,3.68E-02,4.20E-02,3.34E-02,3.66E-02,3.04E-02,3.61E-02,7.87E-03,7.59E-02,4.80E-02,5.71E-02,4.46E-02,4.03E-02,3.75E-02,2.71E-02,2.95E-03,2.89E-02,5.45E-02,7.39E-02,2.94E-02,5.19E-02,6.27E-02
14278,Bi,B,O3,BiBO3,3.685,4.7,3.8,0.92,4.10E-02,2.45E-02,4.76E-02,6.90E-02,3.85E-02,3.66E-02,5.45E-02,3.74E-02,1.69E-02,5.43E-03,2.27E-03,2.39E-02,4.55E-02,5.60E-02,3.90E-02,1.19E-02,4.20E-02,1.01E-02,3.73E-03,1.25E-02,1.07E-02,4.43E-02,2.75E-02,1.00E-02,5.64E-02,1.05E-02,3.50E-02,4.49E-02,2.78E-02,2.93E-02,3.66E-02,3.70E-02,3.70E-02,3.70E-02,3.65E-02,3.75E-02,3.70E-02,3.68E-02,3.74E-02,3.67E-02,3.75E-02,3.60E-02,3.70E-02,3.42E-02,3.62E-02,3.62E-02,3.77E-02,3.64E-02,3.64E-02,3.58E-02,3.08E-02,3.68E-02,3.53E-02,3.08E-02,3.68E-02,4.20E-02,3.34E-02,3.66E-02,3.04E-02,3.61E-02,3.80E-02,9.53E-03,3.31E-02,2.85E-02,3.01E-02,2.83E-02,3.70E-02,3.56E-02,3.29E-02,3.74E-02,5.42E-02,9.48E-03,3.92E-02,1.73E-02,2.09E-02
14273,Zr,Be,O3,ZrBeO3,3.524,4.4,4.1,0.58,3.35E-02,6.23E-02,3.18E-02,3.01E-02,2.53E-02,1.66E-02,2.79E-02,3.25E-02,7.17E-03,1.24E-02,6.55E-03,4.55E-02,3.00E-02,4.48E-02,5.20E-02,2.32E-02,3.19E-02,7.95E-03,3.11E-03,1.31E-02,-9.48E-02,4.12E-02,4.85E-02,2.41E-02,1.00E-01,7.75E-02,1.82E-02,3.46E-02,1.85E-02,1.95E-02,3.66E-02,3.70E-02,3.70E-02,3.70E-02,3.65E-02,3.75E-02,3.70E-02,3.68E-02,3.74E-02,3.67E-02,3.75E-02,3.60E-02,3.70E-02,3.42E-02,3.62E-02,3.62E-02,3.77E-02,3.64E-02,3.64E-02,3.58E-02,3.08E-02,3.68E-02,3.53E-02,3.08E-02,3.68E-02,4.20E-02,3.34E-02,3.66E-02,3.04E-02,3.61E-02,3.80E-02,9.53E-03,3.31E-02,2.85E-02,3.01E-02,2.83E-02,3.70E-02,3.56E-02,3.29E-02,3.74E-02,5.42E-02,9.48E-03,3.92E-02,1.73E-02,2.09E-02
11005,Mg,Ga,O2F,MgGaO2F,3.934,3.6,3,0.48,2.87E-02,1.84E-02,8.50E-03,8.02E-03,2.55E-02,-7.65E-02,4.31E-02,3.92E-02,3.12E-02,4.54E-02,4.50E-02,1.94E-02,2.95E-02,2.24E-02,2.60E-02,3.19E-02,2.43E-02,2.54E-02,2.40E-02,3.17E-02,1.15E-02,4.55E-02,3.12E-02,4.20E-02,2.04E-02,1.57E-02,8.67E-03,3.98E-02,2.78E-02,2.93E-02,3.66E-02,3.70E-02,3.70E-02,3.70E-02,3.65E-02,3.75E-02,3.70E-02,3.68E-02,3.74E-02,3.67E-02,3.75E-02,3.60E-02,3.70E-02,3.42E-02,3.62E-02,3.62E-02,3.77E-02,3.64E-02,3.64E-02,3.58E-02,3.08E-02,3.68E-02,3.53E-02,3.08E-02,3.68E-02,4.20E-02,3.34E-02,3.66E-02,3.04E-02,3.61E-02,3.61E-02,8.99E-03,3.93E-02,3.39E-02,2.85E-02,6.59E-02,3.96E-02,4.55E-02,7.59E-02,3.35E-02,5.65E-03,1.11E-02,4.53E-02,8.65E-03,1.05E-02
8827,Be,Zr,O2S,BeZrO2S,4.437,3.4,2.8,0.98,1.79E-02,4.32E-02,9.04E-03,2.97E-03,8.83E-03,-7.99E-02,4.24E-02,4.78E-02,1.42E-02,8.12E-02,5.77E-02,2.54E-02,3.54E-02,2.24E-02,2.60E-02,4.33E-02,4.60E-02,2.80E-02,3.14E-02,3.75E-02,1.98E-02,2.70E-02,3.30E-02,1.21E-02,1.53E-02,8.80E-03,3.26E-02,2.93E-02,3.70E-02,3.90E-02,3.66E-02,3.70E-02,3.70E-02,3.70E-02,3.65E-02,3.75E-02,3.70E-02,3.68E-02,3.74E-02,3.67E-02,3.75E-02,3.60E-02,3.70E-02,3.42E-02,3.62E-02,3.62E-02,3.77E-02,3.64E-02,3.64E-02,3.58E-02,3.08E-02,3.68E-02,3.53E-02,3.08E-02,3.68E-02,4.20E-02,3.34E-02,3.66E-02,3.04E-02,3.61E-02,7.87E-03,7.59E-02,4.80E-02,5.71E-02,4.46E-02,4.03E-02,3.75E-02,2.71E-02,2.95E-03,2.89E-02,5.45E-02,7.39E-02,2.94E-02,5.19E-02,6.27E-02
1785,Cd,La,O2N,CdLaO2N,4.548,0.3,0.2,1.18,3.78E-02,1.38E-02,4.23E-02,3.71E-02,2.34E-02,0.00E+00,4.43E-02,4.61E-02,3.88E-02,1.03E-02,2.79E-02,1.32E-02,3.81E-02,2.24E-02,2.60E-02,5.98E-02,3.67E-02,2.64E-02,4.79E-02,6.05E-02,1.98E-02,7.99E-03,2.90E-02,1.11E-02,1.04E-02,5.23E-03,1.75E-02,2.42E-02,2.78E-02,2.93E-02,3.66E-02,3.70E-02,3.70E-02,3.70E-02,3.65E-02,3.75E-02,3.70E-02,3.68E-02,3.74E-02,3.67E-02,3.75E-02,3.60E-02,3.70E-02,3.42E-02,3.62E-02,3.62E-02,3.77E-02,3.64E-02,3.64E-02,3.58E-02,3.08E-02,3.68E-02,3.53E-02,3.08E-02,3.68E-02,4.20E-02,3.34E-02,3.66E-02,3.04E-02,3.61E-02,4.64E-02,8.18E-03,2.90E-02,2.50E-02,3.93E-02,-1.41E-03,3.49E-02,3.80E-02,1.01E-02,4.24E-02,5.26E-03,1.54E-02,3.46E-02,4.33E-02,3.14E-02
6309,Zr,Zr,ON2,ZrZrON2,4.172,2.1,1.5,0.48,3.35E-02,6.23E-02,3.18E-02,3.01E-02,2.53E-02,1.66E-02,2.79E-02,3.25E-02,7.17E-03,1.24E-02,6.55E-03,4.55E-02,3.00E-02,4.48E-02,5.20E-02,4.33E-02,4.60E-02,2.80E-02,3.14E-02,3.75E-02,1.98E-02,2.70E-02,3.30E-02,1.21E-02,1.53E-02,8.80E-03,3.26E-02,2.93E-02,3.70E-02,3.90E-02,3.66E-02,3.70E-02,3.70E-02,3.70E-02,3.65E-02,3.75E-02,3.70E-02,3.68E-02,3.74E-02,3.67E-02,3.75E-02,3.60E-02,3.70E-02,3.42E-02,3.62E-02,4.42E-02,3.23E-02,3.19E-02,3.19E-02,4.67E-02,-1.53E-03,3.47E-02,3.77E-02,9.48E-03,4.16E-02,4.08E-03,5.41E-02,3.23E-02,7.60E-02,5.42E-02,4.64E-02,8.18E-03,2.90E-02,2.50E-02,3.93E-02,-1.41E-03,3.49E-02,3.80E-02,1.01E-02,4.24E-02,5.26E-03,1.54E-02,3.46E-02,4.33E-02,3.14E-02
1795,Y,Hf,O2N,YHfO2N,4.165,3.9,3.4,0.3,4.06E-02,4.81E-02,2.18E-02,2.93E-02,3.59E-02,0.00E+00,7.60E-03,3.27E-02,1.42E-02,1.34E-02,4.96E-03,3.72E-02,2.75E-02,3.36E-02,3.90E-02,4.28E-02,4.79E-02,5.72E-02,6.15E-02,3.63E-02,0.00E+00,2.77E-02,3.46E-02,1.26E-02,7.69E-03,8.92E-03,3.37E-02,2.86E-02,3.70E-02,3.90E-02,3.66E-02,3.70E-02,3.70E-02,3.70E-02,3.65E-02,3.75E-02,3.70E-02,3.68E-02,3.74E-02,3.67E-02,3.75E-02,3.60E-02,3.70E-02,3.42E-02,3.62E-02,3.62E-02,3.77E-02,3.64E-02,3.64E-02,3.58E-02,3.08E-02,3.68E-02,3.53E-02,3.08E-02,3.68E-02,4.20E-02,3.34E-02,3.66E-02,3.04E-02,3.61E-02,4.64E-02,8.18E-03,2.90E-02,2.50E-02,3.93E-02,-1.41E-03,3.49E-02,3.80E-02,1.01E-02,4.24E-02,5.26E-03,1.54E-02,3.46E-02,4.33E-02,3.14E-02
3085,Sc,Ga,OFN,ScGaOFN,3.921,1.6,1.2,1.04,2.99E-02,4.14E-02,1.46E-02,1.48E-02,2.71E-02,6.02E-03,6.97E-03,3.35E-02,1.26E-02,2.53E-02,4.56E-03,3.49E-02,3.07E-02,3.36E-02,3.90E-02,3.19E-02,2.43E-02,2.54E-02,2.40E-02,3.17E-02,1.15E-02,4.55E-02,3.12E-02,4.20E-02,2.04E-02,1.57E-02,8.67E-03,3.98E-02,2.78E-02,2.93E-02,3.66E-02,3.70E-02,3.70E-02,3.70E-02,3.65E-02,3.75E-02,3.70E-02,3.68E-02,3.74E-02,3.67E-02,3.75E-02,3.60E-02,3.70E-02,3.42E-02,3.62E-02,3.43E-02,3.55E-02,4.32E-02,4.33E-02,3.39E-02,7.17E-02,3.93E-02,4.51E-02,7.11E-02,3.29E-02,4.38E-03,3.91E-02,4.23E-02,1.52E-02,1.81E-02,4.64E-02,8.18E-03,2.90E-02,2.50E-02,3.93E-02,-1.41E-03,3.49E-02,3.80E-02,1.01E-02,4.24E-02,5.26E-03,1.54E-02,3.46E-02,4.33E-02,3.14E-02
14431,Pb,Sn,O3,PbSnO3,4.154,3.9,3.1,0.28,4.74E-02,2.69E-02,5.54E-02,6.84E-02,3.30E-02,3.66E-02,5.13E-02,3.80E-02,3.63E-02,5.74E-03,1.02E-02,1.03E-02,5.25E-02,4.48E-02,2.60E-02,3.66E-02,2.83E-02,3.14E-02,4.09E-02,4.37E-02,4.78E-02,4.92E-02,3.82E-02,4.69E-02,1.25E-02,2.58E-02,1.12E-02,4.31E-02,3.70E-02,3.90E-02,3.66E-02,3.70E-02,3.70E-02,3.70E-02,3.65E-02,3.75E-02,3.70E-02,3.68E-02,3.74E-02,3.67E-02,3.75E-02,3.60E-02,3.70E-02,3.42E-02,3.62E-02,3.62E-02,3.77E-02,3.64E-02,3.64E-02,3.58E-02,3.08E-02,3.68E-02,3.53E-02,3.08E-02,3.68E-02,4.20E-02,3.34E-02,3.66E-02,3.04E-02,3.61E-02,3.80E-02,9.53E-03,3.31E-02,2.85E-02,3.01E-02,2.83E-02,3.70E-02,3.56E-02,3.29E-02,3.74E-02,5.42E-02,9.48E-03,3.92E-02,1.73E-02,2.09E-02
11192,Ca,B,O2F,CaBO2F,3.643,3.8,3,0.86,3.98E-02,2.34E-02,7.57E-03,1.32E-02,4.81E-02,-5.19E-02,4.43E-03,3.13E-02,2.81E-02,2.88E-02,5.77E-02,1.85E-02,2.25E-02,2.24E-02,2.60E-02,1.19E-02,4.20E-02,1.01E-02,3.73E-03,1.25E-02,1.07E-02,4.43E-02,2.75E-02,1.00E-02,5.64E-02,1.05E-02,3.50E-02,4.49E-02,2.78E-02,2.93E-02,3.66E-02,3.70E-02,3.70E-02,3.70E-02,3.65E-02,3.75E-02,3.70E-02,3.68E-02,3.74E-02,3.67E-02,3.75E-02,3.60E-02,3.70E-02,3.42E-02,3.62E-02,3.62E-02,3.77E-02,3.64E-02,3.64E-02,3.58E-02,3.08E-02,3.68E-02,3.53E-02,3.08E-02,3.68E-02,4.20E-02,3.34E-02,3.66E-02,3.04E-02,3.61E-02,3.61E-02,8.99E-03,3.93E-02,3.39E-02,2.85E-02,6.59E-02,3.96E-02,4.55E-02,7.59E-02,3.35E-02,5.65E-03,1.11E-02,4.53E-02,8.65E-03,1.05E-02
5376,Sr,Si,OFN,SrSiOFN,3.826,1.3,1,0.9,5.02E-02,2.20E-02,1.24E-02,2.89E-02,6.10E-02,-5.59E-02,5.07E-03,2.92E-02,2.83E-02,1.34E-02,1.02E-03,1.78E-02,2.14E-02,2.24E-02,2.60E-02,1.34E-02,2.58E-02,1.00E-02,9.68E-03,3.24E-02,5.28E-02,4.79E-02,4.24E-02,5.54E-03,3.85E-02,5.74E-02,7.78E-02,4.18E-02,3.70E-02,3.90E-02,3.66E-02,3.70E-02,3.70E-02,3.70E-02,3.65E-02,3.75E-02,3.70E-02,3.68E-02,3.74E-02,3.67E-02,3.75E-02,3.60E-02,3.70E-02,3.42E-02,3.62E-02,3.43E-02,3.55E-02,4.32E-02,4.33E-02,3.39E-02,7.17E-02,3.93E-02,4.51E-02,7.11E-02,3.29E-02,4.38E-03,3.91E-02,4.23E-02,1.52E-02,1.81E-02,4.64E-02,8.18E-03,2.90E-02,2.50E-02,3.93E-02,-1.41E-03,3.49E-02,3.80E-02,1.01E-02,4.24E-02,5.26E-03,1.54E-02,3.46E-02,4.33E-02,3.14E-02
13893,La,Tl,O3,LaTlO3,4.366,2.1,1.2,0.7,4.62E-02,4.98E-02,3.00E-02,4.58E-02,4.08E-02,1.66E-02,8.23E-03,2.86E-02,6.55E-03,8.46E-03,3.90E-03,2.45E-02,2.48E-02,3.36E-02,3.90E-02,8.19E-02,1.72E-02,5.09E-02,7.05E-02,4.61E-02,1.19E-02,4.67E-02,3.18E-02,6.37E-02,7.09E-03,1.79E-02,6.62E-03,4.49E-02,2.78E-02,9.76E-03,3.66E-02,3.70E-02,3.70E-02,3.70E-02,3.65E-02,3.75E-02,3.70E-02,3.68E-02,3.74E-02,3.67E-02,3.75E-02,3.60E-02,3.70E-02,3.42E-02,3.62E-02,3.62E-02,3.77E-02,3.64E-02,3.64E-02,3.58E-02,3.08E-02,3.68E-02,3.53E-02,3.08E-02,3.68E-02,4.20E-02,3.34E-02,3.66E-02,3.04E-02,3.61E-02,3.80E-02,9.53E-03,3.31E-02,2.85E-02,3.01E-02,2.83E-02,3.70E-02,3.56E-02,3.29E-02,3.74E-02,5.42E-02,9.48E-03,3.92E-02,1.73E-02,2.09E-02
7433,Ta,Al,ON2,TaAlON2,3.759,1.3,0.7,0.78,2.55E-02,7.63E-02,8.13E-02,5.97E-02,1.92E-02,2.00E-02,3.04E-02,4.04E-02,7.93E-03,6.23E-03,1.66E-02,7.81E-02,3.38E-02,5.60E-02,6.51E-02,2.78E-02,2.69E-02,1.16E-02,9.30E-03,2.69E-02,1.78E-02,4.49E-02,3.11E-02,4.92E-02,4.94E-02,9.19E-02,1.66E-02,3.54E-02,2.78E-02,2.93E-02,3.66E-02,3.70E-02,3.70E-02,3.70E-02,3.65E-02,3.75E-02,3.70E-02,3.68E-02,3.74E-02,3.67E-02,3.75E-02,3.60E-02,3.70E-02,3.42E-02,3.62E-02,4.42E-02,3.23E-02,3.19E-02,3.19E-02,4.67E-02,-1.53E-03,3.47E-02,3.77E-02,9.48E-03,4.16E-02,4.08E-03,5.41E-02,3.23E-02,7.60E-02,5.42E-02,4.64E-02,8.18E-03,2.90E-02,2.50E-02,3.93E-02,-1.41E-03,3.49E-02,3.80E-02,1.01E-02,4.24E-02,5.26E-03,1.54E-02,3.46E-02,4.33E-02,3.14E-02
2455,La,Ge,O2N,LaGeO2N,3.909,0.6,0.2,0.3,4.62E-02,4.98E-02,3.00E-02,4.58E-02,4.08E-02,1.66E-02,8.23E-03,2.86E-02,6.55E-03,8.46E-03,3.90E-03,2.45E-02,2.48E-02,3.36E-02,3.90E-02,2.73E-02,3.05E-02,2.29E-02,2.50E-02,3.59E-02,4.74E-02,4.86E-02,4.11E-02,1.21E-02,1.76E-02,2.32E-02,4.93E-02,4.43E-02,3.70E-02,3.90E-02,3.66E-02,3.70E-02,3.70E-02,3.70E-02,3.65E-02,3.75E-02,3.70E-02,3.68E-02,3.74E-02,3.67E-02,3.75E-02,3.60E-02,3.70E-02,3.42E-02,3.62E-02,3.62E-02,3.77E-02,3.64E-02,3.64E-02,3.58E-02,3.08E-02,3.68E-02,3.53E-02,3.08E-02,3.68E-02,4.20E-02,3.34E-02,3.66E-02,3.04E-02,3.61E-02,4.64E-02,8.18E-03,2.90E-02,2.50E-02,3.93E-02,-1.41E-03,3.49E-02,3.80E-02,1.01E-02,4.24E-02,5.26E-03,1.54E-02,3.46E-02,4.33E-02,3.14E-02
15056,Au,Ta,O3,AuTaO3,4.057,1.7,0.6,0.28,3.39E-02,4.17E-02,9.43E-02,6.50E-02,1.84E-02,7.41E-02,4.18E-02,4.73E-02,1.79E-02,5.70E-03,9.15E-02,2.68E-02,5.72E-02,3.36E-02,3.90E-02,3.30E-02,5.63E-02,7.16E-02,6.24E-02,2.85E-02,2.37E-02,2.95E-02,4.10E-02,1.34E-02,7.69E-03,2.23E-02,5.58E-02,3.30E-02,4.63E-02,4.88E-02,3.66E-02,3.70E-02,3.70E-02,3.70E-02,3.65E-02,3.75E-02,3.70E-02,3.68E-02,3.74E-02,3.67E-02,3.75E-02,3.60E-02,3.70E-02,3.42E-02,3.62E-02,3.62E-02,3.77E-02,3.64E-02,3.64E-02,3.58E-02,3.08E-02,3.68E-02,3.53E-02,3.08E-02,3.68E-02,4.20E-02,3.34E-02,3.66E-02,3.04E-02,3.61E-02,3.80E-02,9.53E-03,3.31E-02,2.85E-02,3.01E-02,2.83E-02,3.70E-02,3.56E-02,3.29E-02,3.74E-02,5.42E-02,9.48E-03,3.92E-02,1.73E-02,2.09E-02
16133,Be,Hf,O3,BeHfO3,4.081,2.2,1.8,1.5,1.79E-02,4.32E-02,9.04E-03,2.97E-03,8.83E-03,-7.99E-02,4.24E-02,4.78E-02,1.42E-02,8.12E-02,5.77E-02,2.54E-02,3.54E-02,2.24E-02,2.60E-02,4.28E-02,4.79E-02,5.72E-02,6.15E-02,3.63E-02,0.00E+00,2.77E-02,3.46E-02,1.26E-02,7.69E-03,8.92E-03,3.37E-02,2.86E-02,3.70E-02,3.90E-02,3.66E-02,3.70E-02,3.70E-02,3.70E-02,3.65E-02,3.75E-02,3.70E-02,3.68E-02,3.74E-02,3.67E-02,3.75E-02,3.60E-02,3.70E-02,3.42E-02,3.62E-02,3.62E-02,3.77E-02,3.64E-02,3.64E-02,3.58E-02,3.08E-02,3.68E-02,3.53E-02,3.08E-02,3.68E-02,4.20E-02,3.34E-02,3.66E-02,3.04E-02,3.61E-02,3.80E-02,9.53E-03,3.31E-02,2.85E-02,3.01E-02,2.83E-02,3.70E-02,3.56E-02,3.29E-02,3.74E-02,5.42E-02,9.48E-03,3.92E-02,1.73E-02,2.09E-02
10868,Sr,Al,O2F,SrAlO2F,3.895,7.2,6.6,0.22,5.02E-02,2.20E-02,1.24E-02,2.89E-02,6.10E-02,-5.59E-02,5.07E-03,2.92E-02,2.83E-02,1.34E-02,1.02E-03,1.78E-02,2.14E-02,2.24E-02,2.60E-02,2.78E-02,2.69E-02,1.16E-02,9.30E-03,2.69E-02,1.78E-02,4.49E-02,3.11E-02,4.92E-02,4.94E-02,9.19E-02,1.66E-02,3.54E-02,2.78E-02,2.93E-02,3.66E-02,3.70E-02,3.70E-02,3.70E-02,3.65E-02,3.75E-02,3.70E-02,3.68E-02,3.74E-02,3.67E-02,3.75E-02,3.60E-02,3.70E-02,3.42E-02,3.62E-02,3.62E-02,3.77E-02,3.64E-02,3.64E-02,3.58E-02,3.08E-02,3.68E-02,3.53E-02,3.08E-02,3.68E-02,4.20E-02,3.34E-02,3.66E-02,3.04E-02,3.61E-02,3.61E-02,8.99E-03,3.93E-02,3.39E-02,2.85E-02,6.59E-02,3.96E-02,4.55E-02,7.59E-02,3.35E-02,5.65E-03,1.11E-02,4.53E-02,8.65E-03,1.05E-02
14376,Al,B,O3,AlBO3,3.437,3.7,3,1.22,2.15E-02,3.65E-02,1.32E-02,8.90E-03,1.81E-02,1.50E-02,4.62E-02,3.07E-02,2.91E-02,4.01E-02,6.84E-02,2.32E-02,3.63E-02,3.36E-02,3.90E-02,1.19E-02,4.20E-02,1.01E-02,3.73E-03,1.25E-02,1.07E-02,4.43E-02,2.75E-02,1.00E-02,5.64E-02,1.05E-02,3.50E-02,4.49E-02,2.78E-02,2.93E-02,3.66E-02,3.70E-02,3.70E-02,3.70E-02,3.65E-02,3.75E-02,3.70E-02,3.68E-02,3.74E-02,3.67E-02,3.75E-02,3.60E-02,3.70E-02,3.42E-02,3.62E-02,3.62E-02,3.77E-02,3.64E-02,3.64E-02,3.58E-02,3.08E-02,3.68E-02,3.53E-02,3.08E-02,3.68E-02,4.20E-02,3.34E-02,3.66E-02,3.04E-02,3.61E-02,3.80E-02,9.53E-03,3.31E-02,2.85E-02,3.01E-02,2.83E-02,3.70E-02,3.56E-02,3.29E-02,3.74E-02,5.42E-02,9.48E-03,3.92E-02,1.73E-02,2.09E-02
12544,Be,Ga,O2F,BeGaO2F,3.889,2.7,2.2,1.04,1.79E-02,4.32E-02,9.04E-03,2.97E-03,8.83E-03,-7.99E-02,4.24E-02,4.78E-02,1.42E-02,8.12E-02,5.77E-02,2.54E-02,3.54E-02,2.24E-02,2.60E-02,3.19E-02,2.43E-02,2.54E-02,2.40E-02,3.17E-02,1.15E-02,4.55E-02,3.12E-02,4.20E-02,2.04E-02,1.57E-02,8.67E-03,3.98E-02,2.78E-02,2.93E-02,3.66E-02,3.70E-02,3.70E-02,3.70E-02,3.65E-02,3.75E-02,3.70E-02,3.68E-02,3.74E-02,3.67E-02,3.75E-02,3.60E-02,3.70E-02,3.42E-02,3.62E-02,3.62E-02,3.77E-02,3.64E-02,3.64E-02,3.58E-02,3.08E-02,3.68E-02,3.53E-02,3.08E-02,3.68E-02,4.20E-02,3.34E-02,3.66E-02,3.04E-02,3.61E-02,3.61E-02,8.99E-03,3.93E-02,3.39E-02,2.85E-02,6.59E-02,3.96E-02,4.55E-02,7.59E-02,3.35E-02,5.65E-03,1.11E-02,4.53E-02,8.65E-03,1.05E-02
436,Bi,Pb,O2N,BiPbO2N,4.368,1.3,0.6,1.02,4.10E-02,2.45E-02,4.76E-02,6.90E-02,3.85E-02,3.66E-02,5.45E-02,3.74E-02,1.69E-02,5.43E-03,2.27E-03,2.39E-02,4.55E-02,5.60E-02,3.90E-02,6.13E-02,1.99E-02,4.88E-02,7.14E-02,4.90E-02,4.35E-02,4.98E-02,3.86E-02,6.13E-02,7.09E-03,1.37E-02,7.40E-03,5.13E-02,3.70E-02,1.95E-02,3.66E-02,3.70E-02,3.70E-02,3.70E-02,3.65E-02,3.75E-02,3.70E-02,3.68E-02,3.74E-02,3.67E-02,3.75E-02,3.60E-02,3.70E-02,3.42E-02,3.62E-02,3.62E-02,3.77E-02,3.64E-02,3.64E-02,3.58E-02,3.08E-02,3.68E-02,3.53E-02,3.08E-02,3.68E-02,4.20E-02,3.34E-02,3.66E-02,3.04E-02,3.61E-02,4.64E-02,8.18E-03,2.90E-02,2.50E-02,3.93E-02,-1.41E-03,3.49E-02,3.80E-02,1.01E-02,4.24E-02,5.26E-03,1.54E-02,3.46E-02,4.33E-02,3.14E-02
7822,Au,Na,ON2,AuNaON2,4.089,0.7,0.7,2.28,3.39E-02,4.17E-02,9.43E-02,6.50E-02,1.84E-02,7.41E-02,4.18E-02,4.73E-02,1.79E-02,5.70E-03,9.15E-02,2.68E-02,5.72E-02,3.36E-02,3.90E-02,5.26E-02,1.14E-02,4.17E-03,7.93E-03,6.43E-02,2.08E-02,1.23E-03,2.67E-02,1.51E-01,6.76E-02,5.47E-02,4.03E-03,2.05E-02,9.26E-03,9.76E-03,3.66E-02,3.70E-02,3.70E-02,3.70E-02,3.65E-02,3.75E-02,3.70E-02,3.68E-02,3.74E-02,3.67E-02,3.75E-02,3.60E-02,3.70E-02,3.42E-02,3.62E-02,4.42E-02,3.23E-02,3.19E-02,3.19E-02,4.67E-02,-1.53E-03,3.47E-02,3.77E-02,9.48E-03,4.16E-02,4.08E-03,5.41E-02,3.23E-02,7.60E-02,5.42E-02,4.64E-02,8.18E-03,2.90E-02,2.50E-02,3.93E-02,-1.41E-03,3.49E-02,3.80E-02,1.01E-02,4.24E-02,5.26E-03,1.54E-02,3.46E-02,4.33E-02,3.14E-02
15292,Sr,Ge,O3,SrGeO3,3.877,1.7,1.2,0.16,5.02E-02,2.20E-02,1.24E-02,2.89E-02,6.10E-02,-5.59E-02,5.07E-03,2.92E-02,2.83E-02,1.34E-02,1.02E-03,1.78E-02,2.14E-02,2.24E-02,2.60E-02,2.73E-02,3.05E-02,2.29E-02,2.50E-02,3.59E-02,4.74E-02,4.86E-02,4.11E-02,1.21E-02,1.76E-02,2.32E-02,4.93E-02,4.43E-02,3.70E-02,3.90E-02,3.66E-02,3.70E-02,3.70E-02,3.70E-02,3.65E-02,3.75E-02,3.70E-02,3.68E-02,3.74E-02,3.67E-02,3.75E-02,3.60E-02,3.70E-02,3.42E-02,3.62E-02,3.62E-02,3.77E-02,3.64E-02,3.64E-02,3.58E-02,3.08E-02,3.68E-02,3.53E-02,3.08E-02,3.68E-02,4.20E-02,3.34E-02,3.66E-02,3.04E-02,3.61E-02,3.80E-02,9.53E-03,3.31E-02,2.85E-02,3.01E-02,2.83E-02,3.70E-02,3.56E-02,3.29E-02,3.74E-02,5.42E-02,9.48E-03,3.92E-02,1.73E-02,2.09E-02
10786,Sr,Hf,O2S,SrHfO2S,4.543,4.8,4.5,0.44,5.02E-02,2.20E-02,1.24E-02,2.89E-02,6.10E-02,-5.59E-02,5.07E-03,2.92E-02,2.83E-02,1.34E-02,1.02E-03,1.78E-02,2.14E-02,2.24E-02,2.60E-02,4.28E-02,4.79E-02,5.72E-02,6.15E-02,3.63E-02,0.00E+00,2.77E-02,3.46E-02,1.26E-02,7.69E-03,8.92E-03,3.37E-02,2.86E-02,3.70E-02,3.90E-02,3.66E-02,3.70E-02,3.70E-02,3.70E-02,3.65E-02,3.75E-02,3.70E-02,3.68E-02,3.74E-02,3.67E-02,3.75E-02,3.60E-02,3.70E-02,3.42E-02,3.62E-02,3.62E-02,3.77E-02,3.64E-02,3.64E-02,3.58E-02,3.08E-02,3.68E-02,3.53E-02,3.08E-02,3.68E-02,4.20E-02,3.34E-02,3.66E-02,3.04E-02,3.61E-02,7.87E-03,7.59E-02,4.80E-02,5.71E-02,4.46E-02,4.03E-02,3.75E-02,2.71E-02,2.95E-03,2.89E-02,5.45E-02,7.39E-02,2.94E-02,5.19E-02,6.27E-02
9214,B,Li,O2S,BLiO2S,3.684,1.3,1,1.86,9.16E-03,5.69E-02,1.14E-02,3.57E-03,8.39E-03,8.98E-03,4.56E-02,2.72E-02,5.92E-03,4.57E-02,7.79E-03,4.90E-02,4.60E-02,3.36E-02,3.90E-02,3.92E-02,1.59E-02,2.28E-03,2.39E-03,3.50E-02,2.36E-02,6.15E-04,2.80E-02,9.80E-02,1.97E-01,3.28E-02,4.65E-03,2.16E-02,9.26E-03,9.76E-03,3.66E-02,3.70E-02,3.70E-02,3.70E-02,3.65E-02,3.75E-02,3.70E-02,3.68E-02,3.74E-02,3.67E-02,3.75E-02,3.60E-02,3.70E-02,3.42E-02,3.62E-02,3.62E-02,3.77E-02,3.64E-02,3.64E-02,3.58E-02,3.08E-02,3.68E-02,3.53E-02,3.08E-02,3.68E-02,4.20E-02,3.34E-02,3.66E-02,3.04E-02,3.61E-02,7.87E-03,7.59E-02,4.80E-02,5.71E-02,4.46E-02,4.03E-02,3.75E-02,2.71E-02,2.95E-03,2.89E-02,5.45E-02,7.39E-02,2.94E-02,5.19E-02,6.27E-02
15095,As,Ga,O3,AsGaO3,3.87,2.1,1.3,1.02,2.31E-02,1.17E-02,2.82E-02,2.47E-02,2.34E-02,2.56E-02,5.32E-02,5.03E-02,1.94E-02,1.47E-02,1.44E-02,6.01E-02,4.87E-02,5.60E-02,3.90E-02,3.19E-02,2.43E-02,2.54E-02,2.40E-02,3.17E-02,1.15E-02,4.55E-02,3.12E-02,4.20E-02,2.04E-02,1.57E-02,8.67E-03,3.98E-02,2.78E-02,2.93E-02,3.66E-02,3.70E-02,3.70E-02,3.70E-02,3.65E-02,3.75E-02,3.70E-02,3.68E-02,3.74E-02,3.67E-02,3.75E-02,3.60E-02,3.70E-02,3.42E-02,3.62E-02,3.62E-02,3.77E-02,3.64E-02,3.64E-02,3.58E-02,3.08E-02,3.68E-02,3.53E-02,3.08E-02,3.68E-02,4.20E-02,3.34E-02,3.66E-02,3.04E-02,3.61E-02,3.80E-02,9.53E-03,3.31E-02,2.85E-02,3.01E-02,2.83E-02,3.70E-02,3.56E-02,3.29E-02,3.74E-02,5.42E-02,9.48E-03,3.92E-02,1.73E-02,2.09E-02
10632,Sc,Bi,O2S,ScBiO2S,4.782,0.7,0.6,1.22,2.99E-02,4.14E-02,1.46E-02,1.48E-02,2.71E-02,6.02E-03,6.97E-03,3.35E-02,1.26E-02,2.53E-02,4.56E-03,3.49E-02,3.07E-02,3.36E-02,3.90E-02,5.31E-02,1.80E-02,4.19E-02,7.20E-02,5.71E-02,4.35E-02,5.29E-02,3.79E-02,2.85E-02,6.70E-03,3.05E-03,1.71E-02,4.45E-02,4.63E-02,2.93E-02,3.66E-02,3.70E-02,3.70E-02,3.70E-02,3.65E-02,3.75E-02,3.70E-02,3.68E-02,3.74E-02,3.67E-02,3.75E-02,3.60E-02,3.70E-02,3.42E-02,3.62E-02,3.62E-02,3.77E-02,3.64E-02,3.64E-02,3.58E-02,3.08E-02,3.68E-02,3.53E-02,3.08E-02,3.68E-02,4.20E-02,3.34E-02,3.66E-02,3.04E-02,3.61E-02,7.87E-03,7.59E-02,4.80E-02,5.71E-02,4.46E-02,4.03E-02,3.75E-02,2.71E-02,2.95E-03,2.89E-02,5.45E-02,7.39E-02,2.94E-02,5.19E-02,6.27E-02
16008,Pb,Ge,O3,PbGeO3,3.896,1.8,0.4,0.3,4.74E-02,2.69E-02,5.54E-02,6.84E-02,3.30E-02,3.66E-02,5.13E-02,3.80E-02,3.63E-02,5.74E-03,1.02E-02,1.03E-02,5.25E-02,4.48E-02,2.60E-02,2.73E-02,3.05E-02,2.29E-02,2.50E-02,3.59E-02,4.74E-02,4.86E-02,4.11E-02,1.21E-02,1.76E-02,2.32E-02,4.93E-02,4.43E-02,3.70E-02,3.90E-02,3.66E-02,3.70E-02,3.70E-02,3.70E-02,3.65E-02,3.75E-02,3.70E-02,3.68E-02,3.74E-02,3.67E-02,3.75E-02,3.60E-02,3.70E-02,3.42E-02,3.62E-02,3.62E-02,3.77E-02,3.64E-02,3.64E-02,3.58E-02,3.08E-02,3.68E-02,3.53E-02,3.08E-02,3.68E-02,4.20E-02,3.34E-02,3.66E-02,3.04E-02,3.61E-02,3.80E-02,9.53E-03,3.31E-02,2.85E-02,3.01E-02,2.83E-02,3.70E-02,3.56E-02,3.29E-02,3.74E-02,5.42E-02,9.48E-03,3.92E-02,1.73E-02,2.09E-02
13017,B,Te,O2F,BTeO2F,4.341,0.5,0.3,2.08,9.16E-03,5.69E-02,1.14E-02,3.57E-03,8.39E-03,8.98E-03,4.56E-02,2.72E-02,5.92E-03,4.57E-02,7.79E-03,4.90E-02,4.60E-02,3.36E-02,3.90E-02,5.00E-02,1.24E-02,2.68E-02,4.40E-02,5.49E-02,7.51E-02,5.53E-02,4.68E-02,4.00E-02,1.11E-02,9.11E-04,2.71E-02,4.62E-02,5.55E-02,3.90E-02,3.66E-02,3.70E-02,3.70E-02,3.70E-02,3.65E-02,3.75E-02,3.70E-02,3.68E-02,3.74E-02,3.67E-02,3.75E-02,3.60E-02,3.70E-02,3.42E-02,3.62E-02,3.62E-02,3.77E-02,3.64E-02,3.64E-02,3.58E-02,3.08E-02,3.68E-02,3.53E-02,3.08E-02,3.68E-02,4.20E-02,3.34E-02,3.66E-02,3.04E-02,3.61E-02,3.61E-02,8.99E-03,3.93E-02,3.39E-02,2.85E-02,6.59E-02,3.96E-02,4.55E-02,7.59E-02,3.35E-02,5.65E-03,1.11E-02,4.53E-02,8.65E-03,1.05E-02
11336,In,Hf,O2F,InHfO2F,4.267,3.6,3,0.2,3.19E-02,3.13E-02,3.57E-02,3.79E-02,2.84E-02,9.65E-03,4.75E-02,2.97E-02,4.04E-02,1.04E-02,2.35E-02,7.07E-03,4.01E-02,3.36E-02,3.90E-02,4.28E-02,4.79E-02,5.72E-02,6.15E-02,3.63E-02,0.00E+00,2.77E-02,3.46E-02,1.26E-02,7.69E-03,8.92E-03,3.37E-02,2.86E-02,3.70E-02,3.90E-02,3.66E-02,3.70E-02,3.70E-02,3.70E-02,3.65E-02,3.75E-02,3.70E-02,3.68E-02,3.74E-02,3.67E-02,3.75E-02,3.60E-02,3.70E-02,3.42E-02,3.62E-02,3.62E-02,3.77E-02,3.64E-02,3.64E-02,3.58E-02,3.08E-02,3.68E-02,3.53E-02,3.08E-02,3.68E-02,4.20E-02,3.34E-02,3.66E-02,3.04E-02,3.61E-02,3.61E-02,8.99E-03,3.93E-02,3.39E-02,2.85E-02,6.59E-02,3.96E-02,4.55E-02,7.59E-02,3.35E-02,5.65E-03,1.11E-02,4.53E-02,8.65E-03,1.05E-02
15830,Ag,Sb,O3,AgSbO3,3.96,1.9,0.8,0.76,4.58E-02,3.24E-02,5.13E-02,3.56E-02,1.85E-02,4.18E-02,4.12E-02,3.88E-02,2.38E-02,1.05E-02,1.24E-01,2.45E-02,4.35E-02,2.24E-02,1.30E-02,3.92E-02,1.83E-02,2.88E-02,4.20E-02,4.89E-02,3.99E-02,5.22E-02,4.49E-02,2.34E-02,1.14E-02,9.42E-03,3.07E-02,4.51E-02,4.63E-02,2.93E-02,3.66E-02,3.70E-02,3.70E-02,3.70E-02,3.65E-02,3.75E-02,3.70E-02,3.68E-02,3.74E-02,3.67E-02,3.75E-02,3.60E-02,3.70E-02,3.42E-02,3.62E-02,3.62E-02,3.77E-02,3.64E-02,3.64E-02,3.58E-02,3.08E-02,3.68E-02,3.53E-02,3.08E-02,3.68E-02,4.20E-02,3.34E-02,3.66E-02,3.04E-02,3.61E-02,3.80E-02,9.53E-03,3.31E-02,2.85E-02,3.01E-02,2.83E-02,3.70E-02,3.56E-02,3.29E-02,3.74E-02,5.42E-02,9.48E-03,3.92E-02,1.73E-02,2.09E-02
10073,Sn,Hf,O2S,SnHfO2S,4.512,3,2.7,0.6,2.83E-02,3.83E-02,3.57E-02,3.92E-02,2.94E-02,4.03E-02,5.07E-02,3.77E-02,2.77E-02,1.01E-02,1.92E-02,1.56E-02,4.42E-02,4.48E-02,5.20E-02,4.28E-02,4.79E-02,5.72E-02,6.15E-02,3.63E-02,0.00E+00,2.77E-02,3.46E-02,1.26E-02,7.69E-03,8.92E-03,3.37E-02,2.86E-02,3.70E-02,3.90E-02,3.66E-02,3.70E-02,3.70E-02,3.70E-02,3.65E-02,3.75E-02,3.70E-02,3.68E-02,3.74E-02,3.67E-02,3.75E-02,3.60E-02,3.70E-02,3.42E-02,3.62E-02,3.62E-02,3.77E-02,3.64E-02,3.64E-02,3.58E-02,3.08E-02,3.68E-02,3.53E-02,3.08E-02,3.68E-02,4.20E-02,3.34E-02,3.66E-02,3.04E-02,3.61E-02,7.87E-03,7.59E-02,4.80E-02,5.71E-02,4.46E-02,4.03E-02,3.75E-02,2.71E-02,2.95E-03,2.89E-02,5.45E-02,7.39E-02,2.94E-02,5.19E-02,6.27E-02
14422,La,La,O3,LaLaO3,4.662,2.4,2.4,0.44,4.62E-02,4.98E-02,3.00E-02,4.58E-02,4.08E-02,1.66E-02,8.23E-03,2.86E-02,6.55E-03,8.46E-03,3.90E-03,2.45E-02,2.48E-02,3.36E-02,3.90E-02,5.98E-02,3.67E-02,2.64E-02,4.79E-02,6.05E-02,1.98E-02,7.99E-03,2.90E-02,1.11E-02,1.04E-02,5.23E-03,1.75E-02,2.42E-02,2.78E-02,2.93E-02,3.66E-02,3.70E-02,3.70E-02,3.70E-02,3.65E-02,3.75E-02,3.70E-02,3.68E-02,3.74E-02,3.67E-02,3.75E-02,3.60E-02,3.70E-02,3.42E-02,3.62E-02,3.62E-02,3.77E-02,3.64E-02,3.64E-02,3.58E-02,3.08E-02,3.68E-02,3.53E-02,3.08E-02,3.68E-02,4.20E-02,3.34E-02,3.66E-02,3.04E-02,3.61E-02,3.80E-02,9.53E-03,3.31E-02,2.85E-02,3.01E-02,2.83E-02,3.70E-02,3.56E-02,3.29E-02,3.74E-02,5.42E-02,9.48E-03,3.92E-02,1.73E-02,2.09E-02
12065,B,Si,O2F,BSiO2F,3.605,4.2,3.6,1.54,9.16E-03,5.69E-02,1.14E-02,3.57E-03,8.39E-03,8.98E-03,4.56E-02,2.72E-02,5.92E-03,4.57E-02,7.79E-03,4.90E-02,4.60E-02,3.36E-02,3.90E-02,1.34E-02,2.58E-02,1.00E-02,9.68E-03,3.24E-02,5.28E-02,4.79E-02,4.24E-02,5.54E-03,3.85E-02,5.74E-02,7.78E-02,4.18E-02,3.70E-02,3.90E-02,3.66E-02,3.70E-02,3.70E-02,3.70E-02,3.65E-02,3.75E-02,3.70E-02,3.68E-02,3.74E-02,3.67E-02,3.75E-02,3.60E-02,3.70E-02,3.42E-02,3.62E-02,3.62E-02,3.77E-02,3.64E-02,3.64E-02,3.58E-02,3.08E-02,3.68E-02,3.53E-02,3.08E-02,3.68E-02,4.20E-02,3.34E-02,3.66E-02,3.04E-02,3.61E-02,3.61E-02,8.99E-03,3.93E-02,3.39E-02,2.85E-02,6.59E-02,3.96E-02,4.55E-02,7.59E-02,3.35E-02,5.65E-03,1.11E-02,4.53E-02,8.65E-03,1.05E-02
13019,Al,Be,O2F,AlBeO2F,3.483,1.1,0.2,1.3,2.15E-02,3.65E-02,1.32E-02,8.90E-03,1.81E-02,1.50E-02,4.62E-02,3.07E-02,2.91E-02,4.01E-02,6.84E-02,2.32E-02,3.63E-02,3.36E-02,3.90E-02,2.32E-02,3.19E-02,7.95E-03,3.11E-03,1.31E-02,-9.48E-02,4.12E-02,4.85E-02,2.41E-02,1.00E-01,7.75E-02,1.82E-02,3.46E-02,1.85E-02,1.95E-02,3.66E-02,3.70E-02,3.70E-02,3.70E-02,3.65E-02,3.75E-02,3.70E-02,3.68E-02,3.74E-02,3.67E-02,3.75E-02,3.60E-02,3.70E-02,3.42E-02,3.62E-02,3.62E-02,3.77E-02,3.64E-02,3.64E-02,3.58E-02,3.08E-02,3.68E-02,3.53E-02,3.08E-02,3.68E-02,4.20E-02,3.34E-02,3.66E-02,3.04E-02,3.61E-02,3.61E-02,8.99E-03,3.93E-02,3.39E-02,2.85E-02,6.59E-02,3.96E-02,4.55E-02,7.59E-02,3.35E-02,5.65E-03,1.11E-02,4.53E-02,8.65E-03,1.05E-02
10273,Sc,B,O2S,ScBO2S,3.872,2.2,1.7,0.94,2.99E-02,4.14E-02,1.46E-02,1.48E-02,2.71E-02,6.02E-03,6.97E-03,3.35E-02,1.26E-02,2.53E-02,4.56E-03,3.49E-02,3.07E-02,3.36E-02,3.90E-02,1.19E-02,4.20E-02,1.01E-02,3.73E-03,1.25E-02,1.07E-02,4.43E-02,2.75E-02,1.00E-02,5.64E-02,1.05E-02,3.50E-02,4.49E-02,2.78E-02,2.93E-02,3.66E-02,3.70E-02,3.70E-02,3.70E-02,3.65E-02,3.75E-02,3.70E-02,3.68E-02,3.74E-02,3.67E-02,3.75E-02,3.60E-02,3.70E-02,3.42E-02,3.62E-02,3.62E-02,3.77E-02,3.64E-02,3.64E-02,3.58E-02,3.08E-02,3.68E-02,3.53E-02,3.08E-02,3.68E-02,4.20E-02,3.34E-02,3.66E-02,3.04E-02,3.61E-02,7.87E-03,7.59E-02,4.80E-02,5.71E-02,4.46E-02,4.03E-02,3.75E-02,2.71E-02,2.95E-03,2.89E-02,5.45E-02,7.39E-02,2.94E-02,5.19E-02,6.27E-02
13408,Ga,Hf,O2F,GaHfO2F,4.215,4.4,3.9,0.24,2.47E-02,3.30E-02,2.89E-02,2.30E-02,2.14E-02,9.65E-03,4.69E-02,3.08E-02,2.48E-02,1.65E-02,1.17E-02,1.21E-02,4.08E-02,3.36E-02,3.90E-02,4.28E-02,4.79E-02,5.72E-02,6.15E-02,3.63E-02,0.00E+00,2.77E-02,3.46E-02,1.26E-02,7.69E-03,8.92E-03,3.37E-02,2.86E-02,3.70E-02,3.90E-02,3.66E-02,3.70E-02,3.70E-02,3.70E-02,3.65E-02,3.75E-02,3.70E-02,3.68E-02,3.74E-02,3.67E-02,3.75E-02,3.60E-02,3.70E-02,3.42E-02,3.62E-02,3.62E-02,3.77E-02,3.64E-02,3.64E-02,3.58E-02,3.08E-02,3.68E-02,3.53E-02,3.08E-02,3.68E-02,4.20E-02,3.34E-02,3.66E-02,3.04E-02,3.61E-02,3.61E-02,8.99E-03,3.93E-02,3.39E-02,2.85E-02,6.59E-02,3.96E-02,4.55E-02,7.59E-02,3.35E-02,5.65E-03,1.11E-02,4.53E-02,8.65E-03,1.05E-02
1280,Mg,Nb,O2N,MgNbO2N,4.103,2,1.5,0.36,2.87E-02,1.84E-02,8.50E-03,8.02E-03,2.55E-02,-7.65E-02,4.31E-02,3.92E-02,3.12E-02,4.54E-02,4.50E-02,1.94E-02,2.95E-02,2.24E-02,2.60E-02,3.30E-02,4.93E-02,3.68E-02,3.20E-02,2.93E-02,3.79E-02,2.89E-02,3.58E-02,1.55E-02,1.46E-02,2.08E-02,4.17E-02,3.52E-02,4.63E-02,4.88E-02,3.66E-02,3.70E-02,3.70E-02,3.70E-02,3.65E-02,3.75E-02,3.70E-02,3.68E-02,3.74E-02,3.67E-02,3.75E-02,3.60E-02,3.70E-02,3.42E-02,3.62E-02,3.62E-02,3.77E-02,3.64E-02,3.64E-02,3.58E-02,3.08E-02,3.68E-02,3.53E-02,3.08E-02,3.68E-02,4.20E-02,3.34E-02,3.66E-02,3.04E-02,3.61E-02,4.64E-02,8.18E-03,2.90E-02,2.50E-02,3.93E-02,-1.41E-03,3.49E-02,3.80E-02,1.01E-02,4.24E-02,5.26E-03,1.54E-02,3.46E-02,4.33E-02,3.14E-02
15118,B,Sb,O3,BSbO3,3.911,2.8,1.8,1.92,9.16E-03,5.69E-02,1.14E-02,3.57E-03,8.39E-03,8.98E-03,4.56E-02,2.72E-02,5.92E-03,4.57E-02,7.79E-03,4.90E-02,4.60E-02,3.36E-02,3.90E-02,3.92E-02,1.83E-02,2.88E-02,4.20E-02,4.89E-02,3.99E-02,5.22E-02,4.49E-02,2.34E-02,1.14E-02,9.42E-03,3.07E-02,4.51E-02,4.63E-02,2.93E-02,3.66E-02,3.70E-02,3.70E-02,3.70E-02,3.65E-02,3.75E-02,3.70E-02,3.68E-02,3.74E-02,3.67E-02,3.75E-02,3.60E-02,3.70E-02,3.42E-02,3.62E-02,3.62E-02,3.77E-02,3.64E-02,3.64E-02,3.58E-02,3.08E-02,3.68E-02,3.53E-02,3.08E-02,3.68E-02,4.20E-02,3.34E-02,3.66E-02,3.04E-02,3.61E-02,3.80E-02,9.53E-03,3.31E-02,2.85E-02,3.01E-02,2.83E-02,3.70E-02,3.56E-02,3.29E-02,3.74E-02,5.42E-02,9.48E-03,3.92E-02,1.73E-02,2.09E-02
16032,Rb,Ta,O3,RbTaO3,4.116,4.7,4.3,-0.58,6.41E-02,1.28E-02,7.48E-03,2.82E-02,1.01E-01,1.56E-02,2.53E-03,2.14E-02,1.15E-01,1.62E-02,1.68E-02,5.07E-03,1.85E-02,4.48E-02,1.30E-02,3.30E-02,5.63E-02,7.16E-02,6.24E-02,2.85E-02,2.37E-02,2.95E-02,4.10E-02,1.34E-02,7.69E-03,2.23E-02,5.58E-02,3.30E-02,4.63E-02,4.88E-02,3.66E-02,3.70E-02,3.70E-02,3.70E-02,3.65E-02,3.75E-02,3.70E-02,3.68E-02,3.74E-02,3.67E-02,3.75E-02,3.60E-02,3.70E-02,3.42E-02,3.62E-02,3.62E-02,3.77E-02,3.64E-02,3.64E-02,3.58E-02,3.08E-02,3.68E-02,3.53E-02,3.08E-02,3.68E-02,4.20E-02,3.34E-02,3.66E-02,3.04E-02,3.61E-02,3.80E-02,9.53E-03,3.31E-02,2.85E-02,3.01E-02,2.83E-02,3.70E-02,3.56E-02,3.29E-02,3.74E-02,5.42E-02,9.48E-03,3.92E-02,1.73E-02,2.09E-02
3507,Bi,Ta,OFN,BiTaOFN,4.213,0.2,0.2,0.66,4.10E-02,2.45E-02,4.76E-02,6.90E-02,3.85E-02,3.66E-02,5.45E-02,3.74E-02,1.69E-02,5.43E-03,2.27E-03,2.39E-02,4.55E-02,5.60E-02,3.90E-02,3.30E-02,5.63E-02,7.16E-02,6.24E-02,2.85E-02,2.37E-02,2.95E-02,4.10E-02,1.34E-02,7.69E-03,2.23E-02,5.58E-02,3.30E-02,4.63E-02,4.88E-02,3.66E-02,3.70E-02,3.70E-02,3.70E-02,3.65E-02,3.75E-02,3.70E-02,3.68E-02,3.74E-02,3.67E-02,3.75E-02,3.60E-02,3.70E-02,3.42E-02,3.62E-02,3.43E-02,3.55E-02,4.32E-02,4.33E-02,3.39E-02,7.17E-02,3.93E-02,4.51E-02,7.11E-02,3.29E-02,4.38E-03,3.91E-02,4.23E-02,1.52E-02,1.81E-02,4.64E-02,8.18E-03,2.90E-02,2.50E-02,3.93E-02,-1.41E-03,3.49E-02,3.80E-02,1.01E-02,4.24E-02,5.26E-03,1.54E-02,3.46E-02,4.33E-02,3.14E-02
6212,Ti,Sn,ON2,TiSnON2,4.13,0.4,0.3,1.14,2.43E-02,4.74E-02,2.22E-02,1.58E-02,1.92E-02,6.66E-03,2.72E-02,3.50E-02,1.08E-02,2.33E-02,6.32E-03,4.03E-02,3.47E-02,4.48E-02,5.20E-02,3.66E-02,2.83E-02,3.14E-02,4.09E-02,4.37E-02,4.78E-02,4.92E-02,3.82E-02,4.69E-02,1.25E-02,2.58E-02,1.12E-02,4.31E-02,3.70E-02,3.90E-02,3.66E-02,3.70E-02,3.70E-02,3.70E-02,3.65E-02,3.75E-02,3.70E-02,3.68E-02,3.74E-02,3.67E-02,3.75E-02,3.60E-02,3.70E-02,3.42E-02,3.62E-02,4.42E-02,3.23E-02,3.19E-02,3.19E-02,4.67E-02,-1.53E-03,3.47E-02,3.77E-02,9.48E-03,4.16E-02,4.08E-03,5.41E-02,3.23E-02,7.60E-02,5.42E-02,4.64E-02,8.18E-03,2.90E-02,2.50E-02,3.93E-02,-1.41E-03,3.49E-02,3.80E-02,1.01E-02,4.24E-02,5.26E-03,1.54E-02,3.46E-02,4.33E-02,3.14E-02
8905,Sc,Al,O2S,ScAlO2S,4.093,2.5,1.7,0.74,2.99E-02,4.14E-02,1.46E-02,1.48E-02,2.71E-02,6.02E-03,6.97E-03,3.35E-02,1.26E-02,2.53E-02,4.56E-03,3.49E-02,3.07E-02,3.36E-02,3.90E-02,2.78E-02,2.69E-02,1.16E-02,9.30E-03,2.69E-02,1.78E-02,4.49E-02,3.11E-02,4.92E-02,4.94E-02,9.19E-02,1.66E-02,3.54E-02,2.78E-02,2.93E-02,3.66E-02,3.70E-02,3.70E-02,3.70E-02,3.65E-02,3.75E-02,3.70E-02,3.68E-02,3.74E-02,3.67E-02,3.75E-02,3.60E-02,3.70E-02,3.42E-02,3.62E-02,3.62E-02,3.77E-02,3.64E-02,3.64E-02,3.58E-02,3.08E-02,3.68E-02,3.53E-02,3.08E-02,3.68E-02,4.20E-02,3.34E-02,3.66E-02,3.04E-02,3.61E-02,7.87E-03,7.59E-02,4.80E-02,5.71E-02,4.46E-02,4.03E-02,3.75E-02,2.71E-02,2.95E-03,2.89E-02,5.45E-02,7.39E-02,2.94E-02,5.19E-02,6.27E-02
6250,Sc,Na,ON2,ScNaON2,4.09,0.5,0.4,2.26,2.99E-02,4.14E-02,1.46E-02,1.48E-02,2.71E-02,6.02E-03,6.97E-03,3.35E-02,1.26E-02,2.53E-02,4.56E-03,3.49E-02,3.07E-02,3.36E-02,3.90E-02,5.26E-02,1.14E-02,4.17E-03,7.93E-03,6.43E-02,2.08E-02,1.23E-03,2.67E-02,1.51E-01,6.76E-02,5.47E-02,4.03E-03,2.05E-02,9.26E-03,9.76E-03,3.66E-02,3.70E-02,3.70E-02,3.70E-02,3.65E-02,3.75E-02,3.70E-02,3.68E-02,3.74E-02,3.67E-02,3.75E-02,3.60E-02,3.70E-02,3.42E-02,3.62E-02,4.42E-02,3.23E-02,3.19E-02,3.19E-02,4.67E-02,-1.53E-03,3.47E-02,3.77E-02,9.48E-03,4.16E-02,4.08E-03,5.41E-02,3.23E-02,7.60E-02,5.42E-02,4.64E-02,8.18E-03,2.90E-02,2.50E-02,3.93E-02,-1.41E-03,3.49E-02,3.80E-02,1.01E-02,4.24E-02,5.26E-03,1.54E-02,3.46E-02,4.33E-02,3.14E-02
9422,Mg,Te,O2S,MgTeO2S,4.561,1.1,0.7,1.06,2.87E-02,1.84E-02,8.50E-03,8.02E-03,2.55E-02,-7.65E-02,4.31E-02,3.92E-02,3.12E-02,4.54E-02,4.50E-02,1.94E-02,2.95E-02,2.24E-02,2.60E-02,5.00E-02,1.24E-02,2.68E-02,4.40E-02,5.49E-02,7.51E-02,5.53E-02,4.68E-02,4.00E-02,1.11E-02,9.11E-04,2.71E-02,4.62E-02,5.55E-02,3.90E-02,3.66E-02,3.70E-02,3.70E-02,3.70E-02,3.65E-02,3.75E-02,3.70E-02,3.68E-02,3.74E-02,3.67E-02,3.75E-02,3.60E-02,3.70E-02,3.42E-02,3.62E-02,3.62E-02,3.77E-02,3.64E-02,3.64E-02,3.58E-02,3.08E-02,3.68E-02,3.53E-02,3.08E-02,3.68E-02,4.20E-02,3.34E-02,3.66E-02,3.04E-02,3.61E-02,7.87E-03,7.59E-02,4.80E-02,5.71E-02,4.46E-02,4.03E-02,3.75E-02,2.71E-02,2.95E-03,2.89E-02,5.45E-02,7.39E-02,2.94E-02,5.19E-02,6.27E-02
16213,Cd,Hf,O3,CdHfO3,4.13,1.5,1,0.36,3.78E-02,1.38E-02,4.23E-02,3.71E-02,2.34E-02,0.00E+00,4.43E-02,4.61E-02,3.88E-02,1.03E-02,2.79E-02,1.32E-02,3.81E-02,2.24E-02,2.60E-02,4.28E-02,4.79E-02,5.72E-02,6.15E-02,3.63E-02,0.00E+00,2.77E-02,3.46E-02,1.26E-02,7.69E-03,8.92E-03,3.37E-02,2.86E-02,3.70E-02,3.90E-02,3.66E-02,3.70E-02,3.70E-02,3.70E-02,3.65E-02,3.75E-02,3.70E-02,3.68E-02,3.74E-02,3.67E-02,3.75E-02,3.60E-02,3.70E-02,3.42E-02,3.62E-02,3.62E-02,3.77E-02,3.64E-02,3.64E-02,3.58E-02,3.08E-02,3.68E-02,3.53E-02,3.08E-02,3.68E-02,4.20E-02,3.34E-02,3.66E-02,3.04E-02,3.61E-02,3.80E-02,9.53E-03,3.31E-02,2.85E-02,3.01E-02,2.83E-02,3.70E-02,3.56E-02,3.29E-02,3.74E-02,5.42E-02,9.48E-03,3.92E-02,1.73E-02,2.09E-02
15555,Cs,Ta,O3,CsTaO3,4.188,3.5,3.5,-0.38,6.93E-02,1.26E-02,9.13E-03,4.39E-02,7.36E-02,1.51E-02,3.17E-03,2.00E-02,1.26E-01,1.07E-02,1.04E-02,4.54E-03,1.78E-02,1.12E-02,1.30E-02,3.30E-02,5.63E-02,7.16E-02,6.24E-02,2.85E-02,2.37E-02,2.95E-02,4.10E-02,1.34E-02,7.69E-03,2.23E-02,5.58E-02,3.30E-02,4.63E-02,4.88E-02,3.66E-02,3.70E-02,3.70E-02,3.70E-02,3.65E-02,3.75E-02,3.70E-02,3.68E-02,3.74E-02,3.67E-02,3.75E-02,3.60E-02,3.70E-02,3.42E-02,3.62E-02,3.62E-02,3.77E-02,3.64E-02,3.64E-02,3.58E-02,3.08E-02,3.68E-02,3.53E-02,3.08E-02,3.68E-02,4.20E-02,3.34E-02,3.66E-02,3.04E-02,3.61E-02,3.80E-02,9.53E-03,3.31E-02,2.85E-02,3.01E-02,2.83E-02,3.70E-02,3.56E-02,3.29E-02,3.74E-02,5.42E-02,9.48E-03,3.92E-02,1.73E-02,2.09E-02
8435,Tl,Ta,O2S,TlTaO2S,4.484,1,0.6,0.3,6.33E-02,2.32E-02,5.79E-02,6.74E-02,3.11E-02,9.98E-03,4.81E-02,3.13E-02,3.76E-02,5.74E-03,1.33E-02,9.26E-03,4.60E-02,3.36E-02,1.30E-02,3.30E-02,5.63E-02,7.16E-02,6.24E-02,2.85E-02,2.37E-02,2.95E-02,4.10E-02,1.34E-02,7.69E-03,2.23E-02,5.58E-02,3.30E-02,4.63E-02,4.88E-02,3.66E-02,3.70E-02,3.70E-02,3.70E-02,3.65E-02,3.75E-02,3.70E-02,3.68E-02,3.74E-02,3.67E-02,3.75E-02,3.60E-02,3.70E-02,3.42E-02,3.62E-02,3.62E-02,3.77E-02,3.64E-02,3.64E-02,3.58E-02,3.08E-02,3.68E-02,3.53E-02,3.08E-02,3.68E-02,4.20E-02,3.34E-02,3.66E-02,3.04E-02,3.61E-02,7.87E-03,7.59E-02,4.80E-02,5.71E-02,4.46E-02,4.03E-02,3.75E-02,2.71E-02,2.95E-03,2.89E-02,5.45E-02,7.39E-02,2.94E-02,5.19E-02,6.27E-02
7341,Hf,Sn,ON2,HfSnON2,4.128,1.8,1.7,1.04,3.31E-02,6.49E-02,6.50E-02,5.89E-02,2.44E-02,0.00E+00,2.85E-02,3.41E-02,7.43E-03,6.23E-03,6.64E-03,4.72E-02,2.93E-02,4.48E-02,5.20E-02,3.66E-02,2.83E-02,3.14E-02,4.09E-02,4.37E-02,4.78E-02,4.92E-02,3.82E-02,4.69E-02,1.25E-02,2.58E-02,1.12E-02,4.31E-02,3.70E-02,3.90E-02,3.66E-02,3.70E-02,3.70E-02,3.70E-02,3.65E-02,3.75E-02,3.70E-02,3.68E-02,3.74E-02,3.67E-02,3.75E-02,3.60E-02,3.70E-02,3.42E-02,3.62E-02,4.42E-02,3.23E-02,3.19E-02,3.19E-02,4.67E-02,-1.53E-03,3.47E-02,3.77E-02,9.48E-03,4.16E-02,4.08E-03,5.41E-02,3.23E-02,7.60E-02,5.42E-02,4.64E-02,8.18E-03,2.90E-02,2.50E-02,3.93E-02,-1.41E-03,3.49E-02,3.80E-02,1.01E-02,4.24E-02,5.26E-03,1.54E-02,3.46E-02,4.33E-02,3.14E-02
15578,Ge,Si,O3,GeSiO3,3.623,5.5,5.5,0.56,2.11E-02,4.14E-02,2.60E-02,2.40E-02,2.42E-02,3.99E-02,5.00E-02,4.05E-02,7.17E-03,1.42E-02,1.73E-02,6.90E-02,4.53E-02,4.48E-02,5.20E-02,1.34E-02,2.58E-02,1.00E-02,9.68E-03,3.24E-02,5.28E-02,4.79E-02,4.24E-02,5.54E-03,3.85E-02,5.74E-02,7.78E-02,4.18E-02,3.70E-02,3.90E-02,3.66E-02,3.70E-02,3.70E-02,3.70E-02,3.65E-02,3.75E-02,3.70E-02,3.68E-02,3.74E-02,3.67E-02,3.75E-02,3.60E-02,3.70E-02,3.42E-02,3.62E-02,3.62E-02,3.77E-02,3.64E-02,3.64E-02,3.58E-02,3.08E-02,3.68E-02,3.53E-02,3.08E-02,3.68E-02,4.20E-02,3.34E-02,3.66E-02,3.04E-02,3.61E-02,3.80E-02,9.53E-03,3.31E-02,2.85E-02,3.01E-02,2.83E-02,3.70E-02,3.56E-02,3.29E-02,3.74E-02,5.42E-02,9.48E-03,3.92E-02,1.73E-02,2.09E-02
5191,Si,Sn,OFN,SiSnOFN,4.167,1.1,0.5,1.62,1.04E-02,3.50E-02,1.14E-02,9.27E-03,2.18E-02,4.45E-02,4.94E-02,4.18E-02,3.27E-03,3.12E-02,4.27E-02,1.09E-01,4.28E-02,4.48E-02,5.20E-02,3.66E-02,2.83E-02,3.14E-02,4.09E-02,4.37E-02,4.78E-02,4.92E-02,3.82E-02,4.69E-02,1.25E-02,2.58E-02,1.12E-02,4.31E-02,3.70E-02,3.90E-02,3.66E-02,3.70E-02,3.70E-02,3.70E-02,3.65E-02,3.75E-02,3.70E-02,3.68E-02,3.74E-02,3.67E-02,3.75E-02,3.60E-02,3.70E-02,3.42E-02,3.62E-02,3.43E-02,3.55E-02,4.32E-02,4.33E-02,3.39E-02,7.17E-02,3.93E-02,4.51E-02,7.11E-02,3.29E-02,4.38E-03,3.91E-02,4.23E-02,1.52E-02,1.81E-02,4.64E-02,8.18E-03,2.90E-02,2.50E-02,3.93E-02,-1.41E-03,3.49E-02,3.80E-02,1.01E-02,4.24E-02,5.26E-03,1.54E-02,3.46E-02,4.33E-02,3.14E-02
15047,La,Y,O3,LaYO3,4.368,5.2,5.2,0.26,4.62E-02,4.98E-02,3.00E-02,4.58E-02,4.08E-02,1.66E-02,8.23E-03,2.86E-02,6.55E-03,8.46E-03,3.90E-03,2.45E-02,2.48E-02,3.36E-02,3.90E-02,5.26E-02,3.55E-02,1.92E-02,3.06E-02,5.32E-02,0.00E+00,7.38E-03,3.32E-02,2.41E-02,1.65E-02,6.67E-03,2.66E-02,2.69E-02,2.78E-02,2.93E-02,3.66E-02,3.70E-02,3.70E-02,3.70E-02,3.65E-02,3.75E-02,3.70E-02,3.68E-02,3.74E-02,3.67E-02,3.75E-02,3.60E-02,3.70E-02,3.42E-02,3.62E-02,3.62E-02,3.77E-02,3.64E-02,3.64E-02,3.58E-02,3.08E-02,3.68E-02,3.53E-02,3.08E-02,3.68E-02,4.20E-02,3.34E-02,3.66E-02,3.04E-02,3.61E-02,3.80E-02,9.53E-03,3.31E-02,2.85E-02,3.01E-02,2.83E-02,3.70E-02,3.56E-02,3.29E-02,3.74E-02,5.42E-02,9.48E-03,3.92E-02,1.73E-02,2.09E-02
11411,Li,Zr,O2F,LiZrO2F,4.186,6.2,5.6,0.44,3.03E-02,2.15E-02,2.59E-03,2.29E-03,2.35E-02,1.99E-02,6.33E-04,2.76E-02,5.79E-02,1.59E-01,2.44E-02,6.51E-03,2.21E-02,1.12E-02,1.30E-02,4.33E-02,4.60E-02,2.80E-02,3.14E-02,3.75E-02,1.98E-02,2.70E-02,3.30E-02,1.21E-02,1.53E-02,8.80E-03,3.26E-02,2.93E-02,3.70E-02,3.90E-02,3.66E-02,3.70E-02,3.70E-02,3.70E-02,3.65E-02,3.75E-02,3.70E-02,3.68E-02,3.74E-02,3.67E-02,3.75E-02,3.60E-02,3.70E-02,3.42E-02,3.62E-02,3.62E-02,3.77E-02,3.64E-02,3.64E-02,3.58E-02,3.08E-02,3.68E-02,3.53E-02,3.08E-02,3.68E-02,4.20E-02,3.34E-02,3.66E-02,3.04E-02,3.61E-02,3.61E-02,8.99E-03,3.93E-02,3.39E-02,2.85E-02,6.59E-02,3.96E-02,4.55E-02,7.59E-02,3.35E-02,5.65E-03,1.11E-02,4.53E-02,8.65E-03,1.05E-02
11782,Cu,Si,O2F,CuSiO2F,3.628,3.3,2.5,0.8,2.91E-02,3.78E-02,4.38E-02,2.09E-02,1.29E-02,3.94E-02,4.05E-02,3.96E-02,2.08E-02,1.71E-02,1.16E-01,2.85E-02,4.28E-02,2.24E-02,2.60E-02,1.34E-02,2.58E-02,1.00E-02,9.68E-03,3.24E-02,5.28E-02,4.79E-02,4.24E-02,5.54E-03,3.85E-02,5.74E-02,7.78E-02,4.18E-02,3.70E-02,3.90E-02,3.66E-02,3.70E-02,3.70E-02,3.70E-02,3.65E-02,3.75E-02,3.70E-02,3.68E-02,3.74E-02,3.67E-02,3.75E-02,3.60E-02,3.70E-02,3.42E-02,3.62E-02,3.62E-02,3.77E-02,3.64E-02,3.64E-02,3.58E-02,3.08E-02,3.68E-02,3.53E-02,3.08E-02,3.68E-02,4.20E-02,3.34E-02,3.66E-02,3.04E-02,3.61E-02,3.61E-02,8.99E-03,3.93E-02,3.39E-02,2.85E-02,6.59E-02,3.96E-02,4.55E-02,7.59E-02,3.35E-02,5.65E-03,1.11E-02,4.53E-02,8.65E-03,1.05E-02
5366,Sb,Ta,OFN,SbTaOFN,4.19,0.2,0.2,0.76,3.03E-02,2.48E-02,3.27E-02,4.02E-02,3.29E-02,3.36E-02,5.38E-02,4.43E-02,1.38E-02,9.21E-03,7.01E-03,4.30E-02,4.62E-02,5.60E-02,3.90E-02,3.30E-02,5.63E-02,7.16E-02,6.24E-02,2.85E-02,2.37E-02,2.95E-02,4.10E-02,1.34E-02,7.69E-03,2.23E-02,5.58E-02,3.30E-02,4.63E-02,4.88E-02,3.66E-02,3.70E-02,3.70E-02,3.70E-02,3.65E-02,3.75E-02,3.70E-02,3.68E-02,3.74E-02,3.67E-02,3.75E-02,3.60E-02,3.70E-02,3.42E-02,3.62E-02,3.43E-02,3.55E-02,4.32E-02,4.33E-02,3.39E-02,7.17E-02,3.93E-02,4.51E-02,7.11E-02,3.29E-02,4.38E-03,3.91E-02,4.23E-02,1.52E-02,1.81E-02,4.64E-02,8.18E-03,2.90E-02,2.50E-02,3.93E-02,-1.41E-03,3.49E-02,3.80E-02,1.01E-02,4.24E-02,5.26E-03,1.54E-02,3.46E-02,4.33E-02,3.14E-02
12422,Sr,Sc,O2F,SrScO2F,4.191,6.6,6.3,0.26,5.02E-02,2.20E-02,1.24E-02,2.89E-02,6.10E-02,-5.59E-02,5.07E-03,2.92E-02,2.83E-02,1.34E-02,1.02E-03,1.78E-02,2.14E-02,2.24E-02,2.60E-02,3.86E-02,3.05E-02,1.29E-02,1.55E-02,4.03E-02,7.15E-03,6.76E-03,3.40E-02,2.13E-02,3.12E-02,6.12E-03,2.50E-02,2.99E-02,2.78E-02,2.93E-02,3.66E-02,3.70E-02,3.70E-02,3.70E-02,3.65E-02,3.75E-02,3.70E-02,3.68E-02,3.74E-02,3.67E-02,3.75E-02,3.60E-02,3.70E-02,3.42E-02,3.62E-02,3.62E-02,3.77E-02,3.64E-02,3.64E-02,3.58E-02,3.08E-02,3.68E-02,3.53E-02,3.08E-02,3.68E-02,4.20E-02,3.34E-02,3.66E-02,3.04E-02,3.61E-02,3.61E-02,8.99E-03,3.93E-02,3.39E-02,2.85E-02,6.59E-02,3.96E-02,4.55E-02,7.59E-02,3.35E-02,5.65E-03,1.11E-02,4.53E-02,8.65E-03,1.05E-02
564,Y,Ti,O2N,YTiO2N,3.93,2.8,2.4,0.26,4.06E-02,4.81E-02,2.18E-02,2.93E-02,3.59E-02,0.00E+00,7.60E-03,3.27E-02,1.42E-02,1.34E-02,4.96E-03,3.72E-02,2.75E-02,3.36E-02,3.90E-02,3.14E-02,3.50E-02,1.95E-02,1.65E-02,2.85E-02,7.90E-03,2.64E-02,3.55E-02,1.83E-02,2.87E-02,8.49E-03,2.88E-02,3.39E-02,3.70E-02,3.90E-02,3.66E-02,3.70E-02,3.70E-02,3.70E-02,3.65E-02,3.75E-02,3.70E-02,3.68E-02,3.74E-02,3.67E-02,3.75E-02,3.60E-02,3.70E-02,3.42E-02,3.62E-02,3.62E-02,3.77E-02,3.64E-02,3.64E-02,3.58E-02,3.08E-02,3.68E-02,3.53E-02,3.08E-02,3.68E-02,4.20E-02,3.34E-02,3.66E-02,3.04E-02,3.61E-02,4.64E-02,8.18E-03,2.90E-02,2.50E-02,3.93E-02,-1.41E-03,3.49E-02,3.80E-02,1.01E-02,4.24E-02,5.26E-03,1.54E-02,3.46E-02,4.33E-02,3.14E-02
16241,Hf,Nb,N3,HfNbN3,4.032,0.2,0.2,1.06,3.31E-02,6.49E-02,6.50E-02,5.89E-02,2.44E-02,0.00E+00,2.85E-02,3.41E-02,7.43E-03,6.23E-03,6.64E-03,4.72E-02,2.93E-02,4.48E-02,5.20E-02,3.30E-02,4.93E-02,3.68E-02,3.20E-02,2.93E-02,3.79E-02,2.89E-02,3.58E-02,1.55E-02,1.46E-02,2.08E-02,4.17E-02,3.52E-02,4.63E-02,4.88E-02,4.47E-02,3.18E-02,3.24E-02,3.24E-02,4.77E-02,-1.86E-03,3.48E-02,3.93E-02,1.15E-02,4.16E-02,3.64E-03,5.83E-02,3.27E-02,8.55E-02,5.43E-02,4.42E-02,3.23E-02,3.19E-02,3.19E-02,4.67E-02,-1.53E-03,3.47E-02,3.77E-02,9.48E-03,4.16E-02,4.08E-03,5.41E-02,3.23E-02,7.60E-02,5.42E-02,4.64E-02,8.18E-03,2.90E-02,2.50E-02,3.93E-02,-1.41E-03,3.49E-02,3.80E-02,1.01E-02,4.24E-02,5.26E-03,1.54E-02,3.46E-02,4.33E-02,3.14E-02
13775,Be,Pb,O3,BePbO3,4.222,1.8,0.9,2.32,1.79E-02,4.32E-02,9.04E-03,2.97E-03,8.83E-03,-7.99E-02,4.24E-02,4.78E-02,1.42E-02,8.12E-02,5.77E-02,2.54E-02,3.54E-02,2.24E-02,2.60E-02,6.13E-02,1.99E-02,4.88E-02,7.14E-02,4.90E-02,4.35E-02,4.98E-02,3.86E-02,6.13E-02,7.09E-03,1.37E-02,7.40E-03,5.13E-02,3.70E-02,1.95E-02,3.66E-02,3.70E-02,3.70E-02,3.70E-02,3.65E-02,3.75E-02,3.70E-02,3.68E-02,3.74E-02,3.67E-02,3.75E-02,3.60E-02,3.70E-02,3.42E-02,3.62E-02,3.62E-02,3.77E-02,3.64E-02,3.64E-02,3.58E-02,3.08E-02,3.68E-02,3.53E-02,3.08E-02,3.68E-02,4.20E-02,3.34E-02,3.66E-02,3.04E-02,3.61E-02,3.80E-02,9.53E-03,3.31E-02,2.85E-02,3.01E-02,2.83E-02,3.70E-02,3.56E-02,3.29E-02,3.74E-02,5.42E-02,9.48E-03,3.92E-02,1.73E-02,2.09E-02
7665,In,Re,ON2,InReON2,3.954,0.2,0.2,0.62,3.19E-02,3.13E-02,3.57E-02,3.79E-02,2.84E-02,9.65E-03,4.75E-02,2.97E-02,4.04E-02,1.04E-02,2.35E-02,7.07E-03,4.01E-02,3.36E-02,3.90E-02,2.73E-02,5.77E-02,9.03E-02,6.42E-02,2.38E-02,5.53E-03,3.32E-02,4.10E-02,1.32E-02,7.53E-03,1.86E-02,5.12E-02,4.18E-02,6.48E-02,6.83E-02,3.66E-02,3.70E-02,3.70E-02,3.70E-02,3.65E-02,3.75E-02,3.70E-02,3.68E-02,3.74E-02,3.67E-02,3.75E-02,3.60E-02,3.70E-02,3.42E-02,3.62E-02,4.42E-02,3.23E-02,3.19E-02,3.19E-02,4.67E-02,-1.53E-03,3.47E-02,3.77E-02,9.48E-03,4.16E-02,4.08E-03,5.41E-02,3.23E-02,7.60E-02,5.42E-02,4.64E-02,8.18E-03,2.90E-02,2.50E-02,3.93E-02,-1.41E-03,3.49E-02,3.80E-02,1.01E-02,4.24E-02,5.26E-03,1.54E-02,3.46E-02,4.33E-02,3.14E-02
12791,Pb,B,O2F,PbBO2F,3.86,2.5,1.3,0.92,4.74E-02,2.69E-02,5.54E-02,6.84E-02,3.30E-02,3.66E-02,5.13E-02,3.80E-02,3.63E-02,5.74E-03,1.02E-02,1.03E-02,5.25E-02,4.48E-02,2.60E-02,1.19E-02,4.20E-02,1.01E-02,3.73E-03,1.25E-02,1.07E-02,4.43E-02,2.75E-02,1.00E-02,5.64E-02,1.05E-02,3.50E-02,4.49E-02,2.78E-02,2.93E-02,3.66E-02,3.70E-02,3.70E-02,3.70E-02,3.65E-02,3.75E-02,3.70E-02,3.68E-02,3.74E-02,3.67E-02,3.75E-02,3.60E-02,3.70E-02,3.42E-02,3.62E-02,3.62E-02,3.77E-02,3.64E-02,3.64E-02,3.58E-02,3.08E-02,3.68E-02,3.53E-02,3.08E-02,3.68E-02,4.20E-02,3.34E-02,3.66E-02,3.04E-02,3.61E-02,3.61E-02,8.99E-03,3.93E-02,3.39E-02,2.85E-02,6.59E-02,3.96E-02,4.55E-02,7.59E-02,3.35E-02,5.65E-03,1.11E-02,4.53E-02,8.65E-03,1.05E-02
2366,Sb,Ti,O2N,SbTiO2N,3.987,1.8,1.3,0.4,3.03E-02,2.48E-02,3.27E-02,4.02E-02,3.29E-02,3.36E-02,5.38E-02,4.43E-02,1.38E-02,9.21E-03,7.01E-03,4.30E-02,4.62E-02,5.60E-02,3.90E-02,3.14E-02,3.50E-02,1.95E-02,1.65E-02,2.85E-02,7.90E-03,2.64E-02,3.55E-02,1.83E-02,2.87E-02,8.49E-03,2.88E-02,3.39E-02,3.70E-02,3.90E-02,3.66E-02,3.70E-02,3.70E-02,3.70E-02,3.65E-02,3.75E-02,3.70E-02,3.68E-02,3.74E-02,3.67E-02,3.75E-02,3.60E-02,3.70E-02,3.42E-02,3.62E-02,3.62E-02,3.77E-02,3.64E-02,3.64E-02,3.58E-02,3.08E-02,3.68E-02,3.53E-02,3.08E-02,3.68E-02,4.20E-02,3.34E-02,3.66E-02,3.04E-02,3.61E-02,4.64E-02,8.18E-03,2.90E-02,2.50E-02,3.93E-02,-1.41E-03,3.49E-02,3.80E-02,1.01E-02,4.24E-02,5.26E-03,1.54E-02,3.46E-02,4.33E-02,3.14E-02
13466,Ge,Al,O2F,GeAlO2F,3.807,4,3.4,0.42,2.11E-02,4.14E-02,2.60E-02,2.40E-02,2.42E-02,3.99E-02,5.00E-02,4.05E-02,7.17E-03,1.42E-02,1.73E-02,6.90E-02,4.53E-02,4.48E-02,5.20E-02,2.78E-02,2.69E-02,1.16E-02,9.30E-03,2.69E-02,1.78E-02,4.49E-02,3.11E-02,4.92E-02,4.94E-02,9.19E-02,1.66E-02,3.54E-02,2.78E-02,2.93E-02,3.66E-02,3.70E-02,3.70E-02,3.70E-02,3.65E-02,3.75E-02,3.70E-02,3.68E-02,3.74E-02,3.67E-02,3.75E-02,3.60E-02,3.70E-02,3.42E-02,3.62E-02,3.62E-02,3.77E-02,3.64E-02,3.64E-02,3.58E-02,3.08E-02,3.68E-02,3.53E-02,3.08E-02,3.68E-02,4.20E-02,3.34E-02,3.66E-02,3.04E-02,3.61E-02,3.61E-02,8.99E-03,3.93E-02,3.39E-02,2.85E-02,6.59E-02,3.96E-02,4.55E-02,7.59E-02,3.35E-02,5.65E-03,1.11E-02,4.53E-02,8.65E-03,1.05E-02
10057,Na,Ta,O2S,NaTaO2S,4.374,2.8,2.4,0.28,4.06E-02,1.54E-02,4.74E-03,7.59E-03,4.33E-02,1.75E-02,1.27E-03,2.63E-02,8.94E-02,5.47E-02,4.07E-02,5.64E-03,2.10E-02,1.12E-02,1.30E-02,3.30E-02,5.63E-02,7.16E-02,6.24E-02,2.85E-02,2.37E-02,2.95E-02,4.10E-02,1.34E-02,7.69E-03,2.23E-02,5.58E-02,3.30E-02,4.63E-02,4.88E-02,3.66E-02,3.70E-02,3.70E-02,3.70E-02,3.65E-02,3.75E-02,3.70E-02,3.68E-02,3.74E-02,3.67E-02,3.75E-02,3.60E-02,3.70E-02,3.42E-02,3.62E-02,3.62E-02,3.77E-02,3.64E-02,3.64E-02,3.58E-02,3.08E-02,3.68E-02,3.53E-02,3.08E-02,3.68E-02,4.20E-02,3.34E-02,3.66E-02,3.04E-02,3.61E-02,7.87E-03,7.59E-02,4.80E-02,5.71E-02,4.46E-02,4.03E-02,3.75E-02,2.71E-02,2.95E-03,2.89E-02,5.45E-02,7.39E-02,2.94E-02,5.19E-02,6.27E-02
8116,Mg,Zr,O2S,MgZrO2S,4.578,4.5,4.3,0.6,2.87E-02,1.84E-02,8.50E-03,8.02E-03,2.55E-02,-7.65E-02,4.31E-02,3.92E-02,3.12E-02,4.54E-02,4.50E-02,1.94E-02,2.95E-02,2.24E-02,2.60E-02,4.33E-02,4.60E-02,2.80E-02,3.14E-02,3.75E-02,1.98E-02,2.70E-02,3.30E-02,1.21E-02,1.53E-02,8.80E-03,3.26E-02,2.93E-02,3.70E-02,3.90E-02,3.66E-02,3.70E-02,3.70E-02,3.70E-02,3.65E-02,3.75E-02,3.70E-02,3.68E-02,3.74E-02,3.67E-02,3.75E-02,3.60E-02,3.70E-02,3.42E-02,3.62E-02,3.62E-02,3.77E-02,3.64E-02,3.64E-02,3.58E-02,3.08E-02,3.68E-02,3.53E-02,3.08E-02,3.68E-02,4.20E-02,3.34E-02,3.66E-02,3.04E-02,3.61E-02,7.87E-03,7.59E-02,4.80E-02,5.71E-02,4.46E-02,4.03E-02,3.75E-02,2.71E-02,2.95E-03,2.89E-02,5.45E-02,7.39E-02,2.94E-02,5.19E-02,6.27E-02
11008,La,Cd,O2F,LaCdO2F,4.361,2.4,1.6,0.76,4.62E-02,4.98E-02,3.00E-02,4.58E-02,4.08E-02,1.66E-02,8.23E-03,2.86E-02,6.55E-03,8.46E-03,3.90E-03,2.45E-02,2.48E-02,3.36E-02,3.90E-02,4.89E-02,1.02E-02,3.72E-02,3.88E-02,3.48E-02,0.00E+00,4.30E-02,4.68E-02,6.56E-02,1.27E-02,3.75E-02,9.41E-03,3.72E-02,1.85E-02,1.95E-02,3.66E-02,3.70E-02,3.70E-02,3.70E-02,3.65E-02,3.75E-02,3.70E-02,3.68E-02,3.74E-02,3.67E-02,3.75E-02,3.60E-02,3.70E-02,3.42E-02,3.62E-02,3.62E-02,3.77E-02,3.64E-02,3.64E-02,3.58E-02,3.08E-02,3.68E-02,3.53E-02,3.08E-02,3.68E-02,4.20E-02,3.34E-02,3.66E-02,3.04E-02,3.61E-02,3.61E-02,8.99E-03,3.93E-02,3.39E-02,2.85E-02,6.59E-02,3.96E-02,4.55E-02,7.59E-02,3.35E-02,5.65E-03,1.11E-02,4.53E-02,8.65E-03,1.05E-02
12160,Sr,In,O2F,SrInO2F,4.306,3.5,2.7,0.4,5.02E-02,2.20E-02,1.24E-02,2.89E-02,6.10E-02,-5.59E-02,5.07E-03,2.92E-02,2.83E-02,1.34E-02,1.02E-03,1.78E-02,2.14E-02,2.24E-02,2.60E-02,4.12E-02,2.31E-02,3.14E-02,3.96E-02,4.22E-02,1.15E-02,4.61E-02,3.01E-02,6.84E-02,1.28E-02,3.16E-02,5.05E-03,3.92E-02,2.78E-02,2.93E-02,3.66E-02,3.70E-02,3.70E-02,3.70E-02,3.65E-02,3.75E-02,3.70E-02,3.68E-02,3.74E-02,3.67E-02,3.75E-02,3.60E-02,3.70E-02,3.42E-02,3.62E-02,3.62E-02,3.77E-02,3.64E-02,3.64E-02,3.58E-02,3.08E-02,3.68E-02,3.53E-02,3.08E-02,3.68E-02,4.20E-02,3.34E-02,3.66E-02,3.04E-02,3.61E-02,3.61E-02,8.99E-03,3.93E-02,3.39E-02,2.85E-02,6.59E-02,3.96E-02,4.55E-02,7.59E-02,3.35E-02,5.65E-03,1.11E-02,4.53E-02,8.65E-03,1.05E-02
7459,Au,Ta,ON2,AuTaON2,4.164,1.2,0.8,0.78,3.39E-02,4.17E-02,9.43E-02,6.50E-02,1.84E-02,7.41E-02,4.18E-02,4.73E-02,1.79E-02,5.70E-03,9.15E-02,2.68E-02,5.72E-02,3.36E-02,3.90E-02,3.30E-02,5.63E-02,7.16E-02,6.24E-02,2.85E-02,2.37E-02,2.95E-02,4.10E-02,1.34E-02,7.69E-03,2.23E-02,5.58E-02,3.30E-02,4.63E-02,4.88E-02,3.66E-02,3.70E-02,3.70E-02,3.70E-02,3.65E-02,3.75E-02,3.70E-02,3.68E-02,3.74E-02,3.67E-02,3.75E-02,3.60E-02,3.70E-02,3.42E-02,3.62E-02,4.42E-02,3.23E-02,3.19E-02,3.19E-02,4.67E-02,-1.53E-03,3.47E-02,3.77E-02,9.48E-03,4.16E-02,4.08E-03,5.41E-02,3.23E-02,7.60E-02,5.42E-02,4.64E-02,8.18E-03,2.90E-02,2.50E-02,3.93E-02,-1.41E-03,3.49E-02,3.80E-02,1.01E-02,4.24E-02,5.26E-03,1.54E-02,3.46E-02,4.33E-02,3.14E-02
8741,Ta,Ir,O2S,TaIrO2S,4.296,0.2,0.2,1.52,2.55E-02,7.63E-02,8.13E-02,5.97E-02,1.92E-02,2.00E-02,3.04E-02,4.04E-02,7.93E-03,6.23E-03,1.66E-02,7.81E-02,3.38E-02,5.60E-02,6.51E-02,3.25E-02,4.62E-02,9.72E-02,6.63E-02,2.23E-02,5.93E-02,3.69E-02,4.73E-02,1.36E-02,7.14E-03,5.70E-02,4.09E-02,4.84E-02,2.78E-02,3.90E-02,3.66E-02,3.70E-02,3.70E-02,3.70E-02,3.65E-02,3.75E-02,3.70E-02,3.68E-02,3.74E-02,3.67E-02,3.75E-02,3.60E-02,3.70E-02,3.42E-02,3.62E-02,3.62E-02,3.77E-02,3.64E-02,3.64E-02,3.58E-02,3.08E-02,3.68E-02,3.53E-02,3.08E-02,3.68E-02,4.20E-02,3.34E-02,3.66E-02,3.04E-02,3.61E-02,7.87E-03,7.59E-02,4.80E-02,5.71E-02,4.46E-02,4.03E-02,3.75E-02,2.71E-02,2.95E-03,2.89E-02,5.45E-02,7.39E-02,2.94E-02,5.19E-02,6.27E-02
3543,Ca,Hf,OFN,CaHfOFN,4.223,3.2,3.2,0.6,3.98E-02,2.34E-02,7.57E-03,1.32E-02,4.81E-02,-5.19E-02,4.43E-03,3.13E-02,2.81E-02,2.88E-02,5.77E-02,1.85E-02,2.25E-02,2.24E-02,2.60E-02,4.28E-02,4.79E-02,5.72E-02,6.15E-02,3.63E-02,0.00E+00,2.77E-02,3.46E-02,1.26E-02,7.69E-03,8.92E-03,3.37E-02,2.86E-02,3.70E-02,3.90E-02,3.66E-02,3.70E-02,3.70E-02,3.70E-02,3.65E-02,3.75E-02,3.70E-02,3.68E-02,3.74E-02,3.67E-02,3.75E-02,3.60E-02,3.70E-02,3.42E-02,3.62E-02,3.43E-02,3.55E-02,4.32E-02,4.33E-02,3.39E-02,7.17E-02,3.93E-02,4.51E-02,7.11E-02,3.29E-02,4.38E-03,3.91E-02,4.23E-02,1.52E-02,1.81E-02,4.64E-02,8.18E-03,2.90E-02,2.50E-02,3.93E-02,-1.41E-03,3.49E-02,3.80E-02,1.01E-02,4.24E-02,5.26E-03,1.54E-02,3.46E-02,4.33E-02,3.14E-02
12424,Be,Al,O2F,BeAlO2F,3.722,3.7,3.1,0.96,1.79E-02,4.32E-02,9.04E-03,2.97E-03,8.83E-03,-7.99E-02,4.24E-02,4.78E-02,1.42E-02,8.12E-02,5.77E-02,2.54E-02,3.54E-02,2.24E-02,2.60E-02,2.78E-02,2.69E-02,1.16E-02,9.30E-03,2.69E-02,1.78E-02,4.49E-02,3.11E-02,4.92E-02,4.94E-02,9.19E-02,1.66E-02,3.54E-02,2.78E-02,2.93E-02,3.66E-02,3.70E-02,3.70E-02,3.70E-02,3.65E-02,3.75E-02,3.70E-02,3.68E-02,3.74E-02,3.67E-02,3.75E-02,3.60E-02,3.70E-02,3.42E-02,3.62E-02,3.62E-02,3.77E-02,3.64E-02,3.64E-02,3.58E-02,3.08E-02,3.68E-02,3.53E-02,3.08E-02,3.68E-02,4.20E-02,3.34E-02,3.66E-02,3.04E-02,3.61E-02,3.61E-02,8.99E-03,3.93E-02,3.39E-02,2.85E-02,6.59E-02,3.96E-02,4.55E-02,7.59E-02,3.35E-02,5.65E-03,1.11E-02,4.53E-02,8.65E-03,1.05E-02
8745,Sb,In,O2S,SbInO2S,4.568,1.3,0.6,0.8,3.03E-02,2.48E-02,3.27E-02,4.02E-02,3.29E-02,3.36E-02,5.38E-02,4.43E-02,1.38E-02,9.21E-03,7.01E-03,4.30E-02,4.62E-02,5.60E-02,3.90E-02,4.12E-02,2.31E-02,3.14E-02,3.96E-02,4.22E-02,1.15E-02,4.61E-02,3.01E-02,6.84E-02,1.28E-02,3.16E-02,5.05E-03,3.92E-02,2.78E-02,2.93E-02,3.66E-02,3.70E-02,3.70E-02,3.70E-02,3.65E-02,3.75E-02,3.70E-02,3.68E-02,3.74E-02,3.67E-02,3.75E-02,3.60E-02,3.70E-02,3.42E-02,3.62E-02,3.62E-02,3.77E-02,3.64E-02,3.64E-02,3.58E-02,3.08E-02,3.68E-02,3.53E-02,3.08E-02,3.68E-02,4.20E-02,3.34E-02,3.66E-02,3.04E-02,3.61E-02,7.87E-03,7.59E-02,4.80E-02,5.71E-02,4.46E-02,4.03E-02,3.75E-02,2.71E-02,2.95E-03,2.89E-02,5.45E-02,7.39E-02,2.94E-02,5.19E-02,6.27E-02
9890,Y,Y,O2S,YYO2S,4.568,3.1,2.2,0.88,4.06E-02,4.81E-02,2.18E-02,2.93E-02,3.59E-02,0.00E+00,7.60E-03,3.27E-02,1.42E-02,1.34E-02,4.96E-03,3.72E-02,2.75E-02,3.36E-02,3.90E-02,5.26E-02,3.55E-02,1.92E-02,3.06E-02,5.32E-02,0.00E+00,7.38E-03,3.32E-02,2.41E-02,1.65E-02,6.67E-03,2.66E-02,2.69E-02,2.78E-02,2.93E-02,3.66E-02,3.70E-02,3.70E-02,3.70E-02,3.65E-02,3.75E-02,3.70E-02,3.68E-02,3.74E-02,3.67E-02,3.75E-02,3.60E-02,3.70E-02,3.42E-02,3.62E-02,3.62E-02,3.77E-02,3.64E-02,3.64E-02,3.58E-02,3.08E-02,3.68E-02,3.53E-02,3.08E-02,3.68E-02,4.20E-02,3.34E-02,3.66E-02,3.04E-02,3.61E-02,7.87E-03,7.59E-02,4.80E-02,5.71E-02,4.46E-02,4.03E-02,3.75E-02,2.71E-02,2.95E-03,2.89E-02,5.45E-02,7.39E-02,2.94E-02,5.19E-02,6.27E-02
10346,Cd,Zr,O2S,CdZrO2S,4.486,1.9,0.9,0.68,3.78E-02,1.38E-02,4.23E-02,3.71E-02,2.34E-02,0.00E+00,4.43E-02,4.61E-02,3.88E-02,1.03E-02,2.79E-02,1.32E-02,3.81E-02,2.24E-02,2.60E-02,4.33E-02,4.60E-02,2.80E-02,3.14E-02,3.75E-02,1.98E-02,2.70E-02,3.30E-02,1.21E-02,1.53E-02,8.80E-03,3.26E-02,2.93E-02,3.70E-02,3.90E-02,3.66E-02,3.70E-02,3.70E-02,3.70E-02,3.65E-02,3.75E-02,3.70E-02,3.68E-02,3.74E-02,3.67E-02,3.75E-02,3.60E-02,3.70E-02,3.42E-02,3.62E-02,3.62E-02,3.77E-02,3.64E-02,3.64E-02,3.58E-02,3.08E-02,3.68E-02,3.53E-02,3.08E-02,3.68E-02,4.20E-02,3.34E-02,3.66E-02,3.04E-02,3.61E-02,7.87E-03,7.59E-02,4.80E-02,5.71E-02,4.46E-02,4.03E-02,3.75E-02,2.71E-02,2.95E-03,2.89E-02,5.45E-02,7.39E-02,2.94E-02,5.19E-02,6.27E-02
10454,Pt,Ni,O2S,PtNiO2S,4.175,0.2,0.2,1.36,2.51E-02,5.46E-02,1.05E-01,6.44E-02,1.65E-02,6.83E-02,3.99E-02,4.61E-02,1.11E-02,5.79E-03,2.07E-02,4.26E-02,5.14E-02,4.48E-02,5.20E-02,3.56E-02,2.95E-02,3.83E-02,2.02E-02,1.75E-02,4.39E-02,3.75E-02,3.97E-02,2.85E-02,2.44E-02,3.52E-02,2.67E-02,4.20E-02,2.78E-02,1.95E-02,3.66E-02,3.70E-02,3.70E-02,3.70E-02,3.65E-02,3.75E-02,3.70E-02,3.68E-02,3.74E-02,3.67E-02,3.75E-02,3.60E-02,3.70E-02,3.42E-02,3.62E-02,3.62E-02,3.77E-02,3.64E-02,3.64E-02,3.58E-02,3.08E-02,3.68E-02,3.53E-02,3.08E-02,3.68E-02,4.20E-02,3.34E-02,3.66E-02,3.04E-02,3.61E-02,7.87E-03,7.59E-02,4.80E-02,5.71E-02,4.46E-02,4.03E-02,3.75E-02,2.71E-02,2.95E-03,2.89E-02,5.45E-02,7.39E-02,2.94E-02,5.19E-02,6.27E-02
11009,Na,Ti,O2F,NaTiO2F,3.905,4,3.2,0.22,4.06E-02,1.54E-02,4.74E-03,7.59E-03,4.33E-02,1.75E-02,1.27E-03,2.63E-02,8.94E-02,5.47E-02,4.07E-02,5.64E-03,2.10E-02,1.12E-02,1.30E-02,3.14E-02,3.50E-02,1.95E-02,1.65E-02,2.85E-02,7.90E-03,2.64E-02,3.55E-02,1.83E-02,2.87E-02,8.49E-03,2.88E-02,3.39E-02,3.70E-02,3.90E-02,3.66E-02,3.70E-02,3.70E-02,3.70E-02,3.65E-02,3.75E-02,3.70E-02,3.68E-02,3.74E-02,3.67E-02,3.75E-02,3.60E-02,3.70E-02,3.42E-02,3.62E-02,3.62E-02,3.77E-02,3.64E-02,3.64E-02,3.58E-02,3.08E-02,3.68E-02,3.53E-02,3.08E-02,3.68E-02,4.20E-02,3.34E-02,3.66E-02,3.04E-02,3.61E-02,3.61E-02,8.99E-03,3.93E-02,3.39E-02,2.85E-02,6.59E-02,3.96E-02,4.55E-02,7.59E-02,3.35E-02,5.65E-03,1.11E-02,4.53E-02,8.65E-03,1.05E-02
4286,Cd,Hf,OFN,CdHfOFN,4.251,1.2,0.3,0.54,3.78E-02,1.38E-02,4.23E-02,3.71E-02,2.34E-02,0.00E+00,4.43E-02,4.61E-02,3.88E-02,1.03E-02,2.79E-02,1.32E-02,3.81E-02,2.24E-02,2.60E-02,4.28E-02,4.79E-02,5.72E-02,6.15E-02,3.63E-02,0.00E+00,2.77E-02,3.46E-02,1.26E-02,7.69E-03,8.92E-03,3.37E-02,2.86E-02,3.70E-02,3.90E-02,3.66E-02,3.70E-02,3.70E-02,3.70E-02,3.65E-02,3.75E-02,3.70E-02,3.68E-02,3.74E-02,3.67E-02,3.75E-02,3.60E-02,3.70E-02,3.42E-02,3.62E-02,3.43E-02,3.55E-02,4.32E-02,4.33E-02,3.39E-02,7.17E-02,3.93E-02,4.51E-02,7.11E-02,3.29E-02,4.38E-03,3.91E-02,4.23E-02,1.52E-02,1.81E-02,4.64E-02,8.18E-03,2.90E-02,2.50E-02,3.93E-02,-1.41E-03,3.49E-02,3.80E-02,1.01E-02,4.24E-02,5.26E-03,1.54E-02,3.46E-02,4.33E-02,3.14E-02
11057,Ba,Bi,O2F,BaBiO2F,4.628,0.6,0.6,0.42,5.66E-02,2.77E-02,1.75E-02,4.53E-02,6.85E-02,-1.73E-02,5.70E-03,2.67E-02,2.59E-02,9.08E-03,5.31E-03,1.74E-02,2.01E-02,2.24E-02,2.60E-02,5.31E-02,1.80E-02,4.19E-02,7.20E-02,5.71E-02,4.35E-02,5.29E-02,3.79E-02,2.85E-02,6.70E-03,3.05E-03,1.71E-02,4.45E-02,4.63E-02,2.93E-02,3.66E-02,3.70E-02,3.70E-02,3.70E-02,3.65E-02,3.75E-02,3.70E-02,3.68E-02,3.74E-02,3.67E-02,3.75E-02,3.60E-02,3.70E-02,3.42E-02,3.62E-02,3.62E-02,3.77E-02,3.64E-02,3.64E-02,3.58E-02,3.08E-02,3.68E-02,3.53E-02,3.08E-02,3.68E-02,4.20E-02,3.34E-02,3.66E-02,3.04E-02,3.61E-02,3.61E-02,8.99E-03,3.93E-02,3.39E-02,2.85E-02,6.59E-02,3.96E-02,4.55E-02,7.59E-02,3.35E-02,5.65E-03,1.11E-02,4.53E-02,8.65E-03,1.05E-02
16156,Sb,Sc,O3,SbScO3,4.106,2.6,1.9,0.46,3.03E-02,2.48E-02,3.27E-02,4.02E-02,3.29E-02,3.36E-02,5.38E-02,4.43E-02,1.38E-02,9.21E-03,7.01E-03,4.30E-02,4.62E-02,5.60E-02,3.90E-02,3.86E-02,3.05E-02,1.29E-02,1.55E-02,4.03E-02,7.15E-03,6.76E-03,3.40E-02,2.13E-02,3.12E-02,6.12E-03,2.50E-02,2.99E-02,2.78E-02,2.93E-02,3.66E-02,3.70E-02,3.70E-02,3.70E-02,3.65E-02,3.75E-02,3.70E-02,3.68E-02,3.74E-02,3.67E-02,3.75E-02,3.60E-02,3.70E-02,3.42E-02,3.62E-02,3.62E-02,3.77E-02,3.64E-02,3.64E-02,3.58E-02,3.08E-02,3.68E-02,3.53E-02,3.08E-02,3.68E-02,4.20E-02,3.34E-02,3.66E-02,3.04E-02,3.61E-02,3.80E-02,9.53E-03,3.31E-02,2.85E-02,3.01E-02,2.83E-02,3.70E-02,3.56E-02,3.29E-02,3.74E-02,5.42E-02,9.48E-03,3.92E-02,1.73E-02,2.09E-02
13843,Ba,Te,O3,BaTeO3,4.36,1.2,1.2,0.22,5.66E-02,2.77E-02,1.75E-02,4.53E-02,6.85E-02,-1.73E-02,5.70E-03,2.67E-02,2.59E-02,9.08E-03,5.31E-03,1.74E-02,2.01E-02,2.24E-02,2.60E-02,5.00E-02,1.24E-02,2.68E-02,4.40E-02,5.49E-02,7.51E-02,5.53E-02,4.68E-02,4.00E-02,1.11E-02,9.11E-04,2.71E-02,4.62E-02,5.55E-02,3.90E-02,3.66E-02,3.70E-02,3.70E-02,3.70E-02,3.65E-02,3.75E-02,3.70E-02,3.68E-02,3.74E-02,3.67E-02,3.75E-02,3.60E-02,3.70E-02,3.42E-02,3.62E-02,3.62E-02,3.77E-02,3.64E-02,3.64E-02,3.58E-02,3.08E-02,3.68E-02,3.53E-02,3.08E-02,3.68E-02,4.20E-02,3.34E-02,3.66E-02,3.04E-02,3.61E-02,3.80E-02,9.53E-03,3.31E-02,2.85E-02,3.01E-02,2.83E-02,3.70E-02,3.56E-02,3.29E-02,3.74E-02,5.42E-02,9.48E-03,3.92E-02,1.73E-02,2.09E-02
14433,Y,Ir,O3,YIrO3,4.043,0.9,0.9,1.06,4.06E-02,4.81E-02,2.18E-02,2.93E-02,3.59E-02,0.00E+00,7.60E-03,3.27E-02,1.42E-02,1.34E-02,4.96E-03,3.72E-02,2.75E-02,3.36E-02,3.90E-02,3.25E-02,4.62E-02,9.72E-02,6.63E-02,2.23E-02,5.93E-02,3.69E-02,4.73E-02,1.36E-02,7.14E-03,5.70E-02,4.09E-02,4.84E-02,2.78E-02,3.90E-02,3.66E-02,3.70E-02,3.70E-02,3.70E-02,3.65E-02,3.75E-02,3.70E-02,3.68E-02,3.74E-02,3.67E-02,3.75E-02,3.60E-02,3.70E-02,3.42E-02,3.62E-02,3.62E-02,3.77E-02,3.64E-02,3.64E-02,3.58E-02,3.08E-02,3.68E-02,3.53E-02,3.08E-02,3.68E-02,4.20E-02,3.34E-02,3.66E-02,3.04E-02,3.61E-02,3.80E-02,9.53E-03,3.31E-02,2.85E-02,3.01E-02,2.83E-02,3.70E-02,3.56E-02,3.29E-02,3.74E-02,5.42E-02,9.48E-03,3.92E-02,1.73E-02,2.09E-02
15804,Be,Zr,O3,BeZrO3,4.105,2.7,2.2,1.5,1.79E-02,4.32E-02,9.04E-03,2.97E-03,8.83E-03,-7.99E-02,4.24E-02,4.78E-02,1.42E-02,8.12E-02,5.77E-02,2.54E-02,3.54E-02,2.24E-02,2.60E-02,4.33E-02,4.60E-02,2.80E-02,3.14E-02,3.75E-02,1.98E-02,2.70E-02,3.30E-02,1.21E-02,1.53E-02,8.80E-03,3.26E-02,2.93E-02,3.70E-02,3.90E-02,3.66E-02,3.70E-02,3.70E-02,3.70E-02,3.65E-02,3.75E-02,3.70E-02,3.68E-02,3.74E-02,3.67E-02,3.75E-02,3.60E-02,3.70E-02,3.42E-02,3.62E-02,3.62E-02,3.77E-02,3.64E-02,3.64E-02,3.58E-02,3.08E-02,3.68E-02,3.53E-02,3.08E-02,3.68E-02,4.20E-02,3.34E-02,3.66E-02,3.04E-02,3.61E-02,3.80E-02,9.53E-03,3.31E-02,2.85E-02,3.01E-02,2.83E-02,3.70E-02,3.56E-02,3.29E-02,3.74E-02,5.42E-02,9.48E-03,3.92E-02,1.73E-02,2.09E-02
13220,Ba,Sc,O2F,BaScO2F,4.263,6.3,6,0.08,5.66E-02,2.77E-02,1.75E-02,4.53E-02,6.85E-02,-1.73E-02,5.70E-03,2.67E-02,2.59E-02,9.08E-03,5.31E-03,1.74E-02,2.01E-02,2.24E-02,2.60E-02,3.86E-02,3.05E-02,1.29E-02,1.55E-02,4.03E-02,7.15E-03,6.76E-03,3.40E-02,2.13E-02,3.12E-02,6.12E-03,2.50E-02,2.99E-02,2.78E-02,2.93E-02,3.66E-02,3.70E-02,3.70E-02,3.70E-02,3.65E-02,3.75E-02,3.70E-02,3.68E-02,3.74E-02,3.67E-02,3.75E-02,3.60E-02,3.70E-02,3.42E-02,3.62E-02,3.62E-02,3.77E-02,3.64E-02,3.64E-02,3.58E-02,3.08E-02,3.68E-02,3.53E-02,3.08E-02,3.68E-02,4.20E-02,3.34E-02,3.66E-02,3.04E-02,3.61E-02,3.61E-02,8.99E-03,3.93E-02,3.39E-02,2.85E-02,6.59E-02,3.96E-02,4.55E-02,7.59E-02,3.35E-02,5.65E-03,1.11E-02,4.53E-02,8.65E-03,1.05E-02
8226,Mg,Ti,O2S,MgTiO2S,4.305,3,2.9,0.5,2.87E-02,1.84E-02,8.50E-03,8.02E-03,2.55E-02,-7.65E-02,4.31E-02,3.92E-02,3.12E-02,4.54E-02,4.50E-02,1.94E-02,2.95E-02,2.24E-02,2.60E-02,3.14E-02,3.50E-02,1.95E-02,1.65E-02,2.85E-02,7.90E-03,2.64E-02,3.55E-02,1.83E-02,2.87E-02,8.49E-03,2.88E-02,3.39E-02,3.70E-02,3.90E-02,3.66E-02,3.70E-02,3.70E-02,3.70E-02,3.65E-02,3.75E-02,3.70E-02,3.68E-02,3.74E-02,3.67E-02,3.75E-02,3.60E-02,3.70E-02,3.42E-02,3.62E-02,3.62E-02,3.77E-02,3.64E-02,3.64E-02,3.58E-02,3.08E-02,3.68E-02,3.53E-02,3.08E-02,3.68E-02,4.20E-02,3.34E-02,3.66E-02,3.04E-02,3.61E-02,7.87E-03,7.59E-02,4.80E-02,5.71E-02,4.46E-02,4.03E-02,3.75E-02,2.71E-02,2.95E-03,2.89E-02,5.45E-02,7.39E-02,2.94E-02,5.19E-02,6.27E-02
10678,Be,Te,O2S,BeTeO2S,4.493,1,0.5,1.48,1.79E-02,4.32E-02,9.04E-03,2.97E-03,8.83E-03,-7.99E-02,4.24E-02,4.78E-02,1.42E-02,8.12E-02,5.77E-02,2.54E-02,3.54E-02,2.24E-02,2.60E-02,5.00E-02,1.24E-02,2.68E-02,4.40E-02,5.49E-02,7.51E-02,5.53E-02,4.68E-02,4.00E-02,1.11E-02,9.11E-04,2.71E-02,4.62E-02,5.55E-02,3.90E-02,3.66E-02,3.70E-02,3.70E-02,3.70E-02,3.65E-02,3.75E-02,3.70E-02,3.68E-02,3.74E-02,3.67E-02,3.75E-02,3.60E-02,3.70E-02,3.42E-02,3.62E-02,3.62E-02,3.77E-02,3.64E-02,3.64E-02,3.58E-02,3.08E-02,3.68E-02,3.53E-02,3.08E-02,3.68E-02,4.20E-02,3.34E-02,3.66E-02,3.04E-02,3.61E-02,7.87E-03,7.59E-02,4.80E-02,5.71E-02,4.46E-02,4.03E-02,3.75E-02,2.71E-02,2.95E-03,2.89E-02,5.45E-02,7.39E-02,2.94E-02,5.19E-02,6.27E-02
3459,Ca,Ti,OFN,CaTiOFN,3.991,1.8,1.7,0.5,3.98E-02,2.34E-02,7.57E-03,1.32E-02,4.81E-02,-5.19E-02,4.43E-03,3.13E-02,2.81E-02,2.88E-02,5.77E-02,1.85E-02,2.25E-02,2.24E-02,2.60E-02,3.14E-02,3.50E-02,1.95E-02,1.65E-02,2.85E-02,7.90E-03,2.64E-02,3.55E-02,1.83E-02,2.87E-02,8.49E-03,2.88E-02,3.39E-02,3.70E-02,3.90E-02,3.66E-02,3.70E-02,3.70E-02,3.70E-02,3.65E-02,3.75E-02,3.70E-02,3.68E-02,3.74E-02,3.67E-02,3.75E-02,3.60E-02,3.70E-02,3.42E-02,3.62E-02,3.43E-02,3.55E-02,4.32E-02,4.33E-02,3.39E-02,7.17E-02,3.93E-02,4.51E-02,7.11E-02,3.29E-02,4.38E-03,3.91E-02,4.23E-02,1.52E-02,1.81E-02,4.64E-02,8.18E-03,2.90E-02,2.50E-02,3.93E-02,-1.41E-03,3.49E-02,3.80E-02,1.01E-02,4.24E-02,5.26E-03,1.54E-02,3.46E-02,4.33E-02,3.14E-02
11357,Al,Hf,O2F,AlHfO2F,4.218,3.1,2.5,0.84,2.15E-02,3.65E-02,1.32E-02,8.90E-03,1.81E-02,1.50E-02,4.62E-02,3.07E-02,2.91E-02,4.01E-02,6.84E-02,2.32E-02,3.63E-02,3.36E-02,3.90E-02,4.28E-02,4.79E-02,5.72E-02,6.15E-02,3.63E-02,0.00E+00,2.77E-02,3.46E-02,1.26E-02,7.69E-03,8.92E-03,3.37E-02,2.86E-02,3.70E-02,3.90E-02,3.66E-02,3.70E-02,3.70E-02,3.70E-02,3.65E-02,3.75E-02,3.70E-02,3.68E-02,3.74E-02,3.67E-02,3.75E-02,3.60E-02,3.70E-02,3.42E-02,3.62E-02,3.62E-02,3.77E-02,3.64E-02,3.64E-02,3.58E-02,3.08E-02,3.68E-02,3.53E-02,3.08E-02,3.68E-02,4.20E-02,3.34E-02,3.66E-02,3.04E-02,3.61E-02,3.61E-02,8.99E-03,3.93E-02,3.39E-02,2.85E-02,6.59E-02,3.96E-02,4.55E-02,7.59E-02,3.35E-02,5.65E-03,1.11E-02,4.53E-02,8.65E-03,1.05E-02
11275,Bi,Ca,O2F,BiCaO2F,4.407,1.2,0.9,1.04,4.10E-02,2.45E-02,4.76E-02,6.90E-02,3.85E-02,3.66E-02,5.45E-02,3.74E-02,1.69E-02,5.43E-03,2.27E-03,2.39E-02,4.55E-02,5.60E-02,3.90E-02,5.15E-02,1.73E-02,6.66E-03,1.38E-02,7.14E-02,-6.16E-02,4.30E-03,3.18E-02,4.75E-02,3.55E-02,7.75E-02,1.32E-02,2.20E-02,1.85E-02,1.95E-02,3.66E-02,3.70E-02,3.70E-02,3.70E-02,3.65E-02,3.75E-02,3.70E-02,3.68E-02,3.74E-02,3.67E-02,3.75E-02,3.60E-02,3.70E-02,3.42E-02,3.62E-02,3.62E-02,3.77E-02,3.64E-02,3.64E-02,3.58E-02,3.08E-02,3.68E-02,3.53E-02,3.08E-02,3.68E-02,4.20E-02,3.34E-02,3.66E-02,3.04E-02,3.61E-02,3.61E-02,8.99E-03,3.93E-02,3.39E-02,2.85E-02,6.59E-02,3.96E-02,4.55E-02,7.59E-02,3.35E-02,5.65E-03,1.11E-02,4.53E-02,8.65E-03,1.05E-02
11866,Mg,B,O2F,MgBO2F,3.51,4.9,3.8,1.02,2.87E-02,1.84E-02,8.50E-03,8.02E-03,2.55E-02,-7.65E-02,4.31E-02,3.92E-02,3.12E-02,4.54E-02,4.50E-02,1.94E-02,2.95E-02,2.24E-02,2.60E-02,1.19E-02,4.20E-02,1.01E-02,3.73E-03,1.25E-02,1.07E-02,4.43E-02,2.75E-02,1.00E-02,5.64E-02,1.05E-02,3.50E-02,4.49E-02,2.78E-02,2.93E-02,3.66E-02,3.70E-02,3.70E-02,3.70E-02,3.65E-02,3.75E-02,3.70E-02,3.68E-02,3.74E-02,3.67E-02,3.75E-02,3.60E-02,3.70E-02,3.42E-02,3.62E-02,3.62E-02,3.77E-02,3.64E-02,3.64E-02,3.58E-02,3.08E-02,3.68E-02,3.53E-02,3.08E-02,3.68E-02,4.20E-02,3.34E-02,3.66E-02,3.04E-02,3.61E-02,3.61E-02,8.99E-03,3.93E-02,3.39E-02,2.85E-02,6.59E-02,3.96E-02,4.55E-02,7.59E-02,3.35E-02,5.65E-03,1.11E-02,4.53E-02,8.65E-03,1.05E-02
3509,B,Nb,OFN,BNbOFN,4.148,0.9,0.3,1.58,9.16E-03,5.69E-02,1.14E-02,3.57E-03,8.39E-03,8.98E-03,4.56E-02,2.72E-02,5.92E-03,4.57E-02,7.79E-03,4.90E-02,4.60E-02,3.36E-02,3.90E-02,3.30E-02,4.93E-02,3.68E-02,3.20E-02,2.93E-02,3.79E-02,2.89E-02,3.58E-02,1.55E-02,1.46E-02,2.08E-02,4.17E-02,3.52E-02,4.63E-02,4.88E-02,3.66E-02,3.70E-02,3.70E-02,3.70E-02,3.65E-02,3.75E-02,3.70E-02,3.68E-02,3.74E-02,3.67E-02,3.75E-02,3.60E-02,3.70E-02,3.42E-02,3.62E-02,3.43E-02,3.55E-02,4.32E-02,4.33E-02,3.39E-02,7.17E-02,3.93E-02,4.51E-02,7.11E-02,3.29E-02,4.38E-03,3.91E-02,4.23E-02,1.52E-02,1.81E-02,4.64E-02,8.18E-03,2.90E-02,2.50E-02,3.93E-02,-1.41E-03,3.49E-02,3.80E-02,1.01E-02,4.24E-02,5.26E-03,1.54E-02,3.46E-02,4.33E-02,3.14E-02
5860,Te,Si,ON2,TeSiON2,3.758,1.3,1,0.86,3.86E-02,1.68E-02,3.05E-02,4.21E-02,3.70E-02,6.33E-02,5.70E-02,4.62E-02,2.37E-02,8.99E-03,6.78E-04,3.79E-02,4.73E-02,6.72E-02,5.20E-02,1.34E-02,2.58E-02,1.00E-02,9.68E-03,3.24E-02,5.28E-02,4.79E-02,4.24E-02,5.54E-03,3.85E-02,5.74E-02,7.78E-02,4.18E-02,3.70E-02,3.90E-02,3.66E-02,3.70E-02,3.70E-02,3.70E-02,3.65E-02,3.75E-02,3.70E-02,3.68E-02,3.74E-02,3.67E-02,3.75E-02,3.60E-02,3.70E-02,3.42E-02,3.62E-02,4.42E-02,3.23E-02,3.19E-02,3.19E-02,4.67E-02,-1.53E-03,3.47E-02,3.77E-02,9.48E-03,4.16E-02,4.08E-03,5.41E-02,3.23E-02,7.60E-02,5.42E-02,4.64E-02,8.18E-03,2.90E-02,2.50E-02,3.93E-02,-1.41E-03,3.49E-02,3.80E-02,1.01E-02,4.24E-02,5.26E-03,1.54E-02,3.46E-02,4.33E-02,3.14E-02
10591,Y,Ga,O2S,YGaO2S,4.249,2.7,2.2,0.64,4.06E-02,4.81E-02,2.18E-02,2.93E-02,3.59E-02,0.00E+00,7.60E-03,3.27E-02,1.42E-02,1.34E-02,4.96E-03,3.72E-02,2.75E-02,3.36E-02,3.90E-02,3.19E-02,2.43E-02,2.54E-02,2.40E-02,3.17E-02,1.15E-02,4.55E-02,3.12E-02,4.20E-02,2.04E-02,1.57E-02,8.67E-03,3.98E-02,2.78E-02,2.93E-02,3.66E-02,3.70E-02,3.70E-02,3.70E-02,3.65E-02,3.75E-02,3.70E-02,3.68E-02,3.74E-02,3.67E-02,3.75E-02,3.60E-02,3.70E-02,3.42E-02,3.62E-02,3.62E-02,3.77E-02,3.64E-02,3.64E-02,3.58E-02,3.08E-02,3.68E-02,3.53E-02,3.08E-02,3.68E-02,4.20E-02,3.34E-02,3.66E-02,3.04E-02,3.61E-02,7.87E-03,7.59E-02,4.80E-02,5.71E-02,4.46E-02,4.03E-02,3.75E-02,2.71E-02,2.95E-03,2.89E-02,5.45E-02,7.39E-02,2.94E-02,5.19E-02,6.27E-02
1107,Ca,Au,O2N,CaAuO2N,4.164,0.2,0.2,1.58,3.98E-02,2.34E-02,7.57E-03,1.32E-02,4.81E-02,-5.19E-02,4.43E-03,3.13E-02,2.81E-02,2.88E-02,5.77E-02,1.85E-02,2.25E-02,2.24E-02,2.60E-02,4.38E-02,3.07E-02,8.30E-02,6.79E-02,2.74E-02,8.80E-02,4.06E-02,4.80E-02,3.02E-02,7.03E-03,1.23E-01,1.92E-02,5.59E-02,2.78E-02,2.93E-02,3.66E-02,3.70E-02,3.70E-02,3.70E-02,3.65E-02,3.75E-02,3.70E-02,3.68E-02,3.74E-02,3.67E-02,3.75E-02,3.60E-02,3.70E-02,3.42E-02,3.62E-02,3.62E-02,3.77E-02,3.64E-02,3.64E-02,3.58E-02,3.08E-02,3.68E-02,3.53E-02,3.08E-02,3.68E-02,4.20E-02,3.34E-02,3.66E-02,3.04E-02,3.61E-02,4.64E-02,8.18E-03,2.90E-02,2.50E-02,3.93E-02,-1.41E-03,3.49E-02,3.80E-02,1.01E-02,4.24E-02,5.26E-03,1.54E-02,3.46E-02,4.33E-02,3.14E-02
12975,Li,Hf,O2F,LiHfO2F,4.158,6.6,6,0.46,3.03E-02,2.15E-02,2.59E-03,2.29E-03,2.35E-02,1.99E-02,6.33E-04,2.76E-02,5.79E-02,1.59E-01,2.44E-02,6.51E-03,2.21E-02,1.12E-02,1.30E-02,4.28E-02,4.79E-02,5.72E-02,6.15E-02,3.63E-02,0.00E+00,2.77E-02,3.46E-02,1.26E-02,7.69E-03,8.92E-03,3.37E-02,2.86E-02,3.70E-02,3.90E-02,3.66E-02,3.70E-02,3.70E-02,3.70E-02,3.65E-02,3.75E-02,3.70E-02,3.68E-02,3.74E-02,3.67E-02,3.75E-02,3.60E-02,3.70E-02,3.42E-02,3.62E-02,3.62E-02,3.77E-02,3.64E-02,3.64E-02,3.58E-02,3.08E-02,3.68E-02,3.53E-02,3.08E-02,3.68E-02,4.20E-02,3.34E-02,3.66E-02,3.04E-02,3.61E-02,3.61E-02,8.99E-03,3.93E-02,3.39E-02,2.85E-02,6.59E-02,3.96E-02,4.55E-02,7.59E-02,3.35E-02,5.65E-03,1.11E-02,4.53E-02,8.65E-03,1.05E-02
11249,Al,Te,O2F,AlTeO2F,4.394,0.6,0.6,1.58,2.15E-02,3.65E-02,1.32E-02,8.90E-03,1.81E-02,1.50E-02,4.62E-02,3.07E-02,2.91E-02,4.01E-02,6.84E-02,2.32E-02,3.63E-02,3.36E-02,3.90E-02,5.00E-02,1.24E-02,2.68E-02,4.40E-02,5.49E-02,7.51E-02,5.53E-02,4.68E-02,4.00E-02,1.11E-02,9.11E-04,2.71E-02,4.62E-02,5.55E-02,3.90E-02,3.66E-02,3.70E-02,3.70E-02,3.70E-02,3.65E-02,3.75E-02,3.70E-02,3.68E-02,3.74E-02,3.67E-02,3.75E-02,3.60E-02,3.70E-02,3.42E-02,3.62E-02,3.62E-02,3.77E-02,3.64E-02,3.64E-02,3.58E-02,3.08E-02,3.68E-02,3.53E-02,3.08E-02,3.68E-02,4.20E-02,3.34E-02,3.66E-02,3.04E-02,3.61E-02,3.61E-02,8.99E-03,3.93E-02,3.39E-02,2.85E-02,6.59E-02,3.96E-02,4.55E-02,7.59E-02,3.35E-02,5.65E-03,1.11E-02,4.53E-02,8.65E-03,1.05E-02
9659,Y,Al,O2S,YAlO2S,4.153,3.7,3,0.62,4.06E-02,4.81E-02,2.18E-02,2.93E-02,3.59E-02,0.00E+00,7.60E-03,3.27E-02,1.42E-02,1.34E-02,4.96E-03,3.72E-02,2.75E-02,3.36E-02,3.90E-02,2.78E-02,2.69E-02,1.16E-02,9.30E-03,2.69E-02,1.78E-02,4.49E-02,3.11E-02,4.92E-02,4.94E-02,9.19E-02,1.66E-02,3.54E-02,2.78E-02,2.93E-02,3.66E-02,3.70E-02,3.70E-02,3.70E-02,3.65E-02,3.75E-02,3.70E-02,3.68E-02,3.74E-02,3.67E-02,3.75E-02,3.60E-02,3.70E-02,3.42E-02,3.62E-02,3.62E-02,3.77E-02,3.64E-02,3.64E-02,3.58E-02,3.08E-02,3.68E-02,3.53E-02,3.08E-02,3.68E-02,4.20E-02,3.34E-02,3.66E-02,3.04E-02,3.61E-02,7.87E-03,7.59E-02,4.80E-02,5.71E-02,4.46E-02,4.03E-02,3.75E-02,2.71E-02,2.95E-03,2.89E-02,5.45E-02,7.39E-02,2.94E-02,5.19E-02,6.27E-02
10690,Cd,Be,O2S,CdBeO2S,4.027,1.4,0.6,1.32,3.78E-02,1.38E-02,4.23E-02,3.71E-02,2.34E-02,0.00E+00,4.43E-02,4.61E-02,3.88E-02,1.03E-02,2.79E-02,1.32E-02,3.81E-02,2.24E-02,2.60E-02,2.32E-02,3.19E-02,7.95E-03,3.11E-03,1.31E-02,-9.48E-02,4.12E-02,4.85E-02,2.41E-02,1.00E-01,7.75E-02,1.82E-02,3.46E-02,1.85E-02,1.95E-02,3.66E-02,3.70E-02,3.70E-02,3.70E-02,3.65E-02,3.75E-02,3.70E-02,3.68E-02,3.74E-02,3.67E-02,3.75E-02,3.60E-02,3.70E-02,3.42E-02,3.62E-02,3.62E-02,3.77E-02,3.64E-02,3.64E-02,3.58E-02,3.08E-02,3.68E-02,3.53E-02,3.08E-02,3.68E-02,4.20E-02,3.34E-02,3.66E-02,3.04E-02,3.61E-02,7.87E-03,7.59E-02,4.80E-02,5.71E-02,4.46E-02,4.03E-02,3.75E-02,2.71E-02,2.95E-03,2.89E-02,5.45E-02,7.39E-02,2.94E-02,5.19E-02,6.27E-02
11072,K,Sn,O2F,KSnO2F,4.243,1,0.4,0.48,6.01E-02,1.38E-02,4.20E-03,1.29E-02,8.24E-02,1.61E-02,1.90E-03,2.23E-02,1.03E-01,3.37E-02,2.96E-02,5.05E-03,1.85E-02,1.12E-02,1.30E-02,3.66E-02,2.83E-02,3.14E-02,4.09E-02,4.37E-02,4.78E-02,4.92E-02,3.82E-02,4.69E-02,1.25E-02,2.58E-02,1.12E-02,4.31E-02,3.70E-02,3.90E-02,3.66E-02,3.70E-02,3.70E-02,3.70E-02,3.65E-02,3.75E-02,3.70E-02,3.68E-02,3.74E-02,3.67E-02,3.75E-02,3.60E-02,3.70E-02,3.42E-02,3.62E-02,3.62E-02,3.77E-02,3.64E-02,3.64E-02,3.58E-02,3.08E-02,3.68E-02,3.53E-02,3.08E-02,3.68E-02,4.20E-02,3.34E-02,3.66E-02,3.04E-02,3.61E-02,3.61E-02,8.99E-03,3.93E-02,3.39E-02,2.85E-02,6.59E-02,3.96E-02,4.55E-02,7.59E-02,3.35E-02,5.65E-03,1.11E-02,4.53E-02,8.65E-03,1.05E-02
12513,Co,As,O2F,CoAsO2F,4.178,0.2,0.2,0.92,2.59E-02,4.18E-02,4.35E-02,1.94E-02,1.21E-02,2.33E-02,3.67E-02,4.03E-02,1.64E-02,1.87E-02,2.89E-02,3.51E-02,4.24E-02,3.36E-02,2.60E-02,2.99E-02,8.61E-03,2.48E-02,2.58E-02,3.48E-02,3.04E-02,5.16E-02,5.10E-02,3.28E-02,1.81E-02,1.94E-02,4.29E-02,4.76E-02,4.63E-02,2.93E-02,3.66E-02,3.70E-02,3.70E-02,3.70E-02,3.65E-02,3.75E-02,3.70E-02,3.68E-02,3.74E-02,3.67E-02,3.75E-02,3.60E-02,3.70E-02,3.42E-02,3.62E-02,3.62E-02,3.77E-02,3.64E-02,3.64E-02,3.58E-02,3.08E-02,3.68E-02,3.53E-02,3.08E-02,3.68E-02,4.20E-02,3.34E-02,3.66E-02,3.04E-02,3.61E-02,3.61E-02,8.99E-03,3.93E-02,3.39E-02,2.85E-02,6.59E-02,3.96E-02,4.55E-02,7.59E-02,3.35E-02,5.65E-03,1.11E-02,4.53E-02,8.65E-03,1.05E-02
16237,Al,Cd,N3,AlCdN3,4.013,1.2,0.6,1.78,2.15E-02,3.65E-02,1.32E-02,8.90E-03,1.81E-02,1.50E-02,4.62E-02,3.07E-02,2.91E-02,4.01E-02,6.84E-02,2.32E-02,3.63E-02,3.36E-02,3.90E-02,4.89E-02,1.02E-02,3.72E-02,3.88E-02,3.48E-02,0.00E+00,4.30E-02,4.68E-02,6.56E-02,1.27E-02,3.75E-02,9.41E-03,3.72E-02,1.85E-02,1.95E-02,4.47E-02,3.18E-02,3.24E-02,3.24E-02,4.77E-02,-1.86E-03,3.48E-02,3.93E-02,1.15E-02,4.16E-02,3.64E-03,5.83E-02,3.27E-02,8.55E-02,5.43E-02,4.42E-02,3.23E-02,3.19E-02,3.19E-02,4.67E-02,-1.53E-03,3.47E-02,3.77E-02,9.48E-03,4.16E-02,4.08E-03,5.41E-02,3.23E-02,7.60E-02,5.42E-02,4.64E-02,8.18E-03,2.90E-02,2.50E-02,3.93E-02,-1.41E-03,3.49E-02,3.80E-02,1.01E-02,4.24E-02,5.26E-03,1.54E-02,3.46E-02,4.33E-02,3.14E-02
14299,Y,Ga,O3,YGaO3,3.876,6.5,6,0.3,4.06E-02,4.81E-02,2.18E-02,2.93E-02,3.59E-02,0.00E+00,7.60E-03,3.27E-02,1.42E-02,1.34E-02,4.96E-03,3.72E-02,2.75E-02,3.36E-02,3.90E-02,3.19E-02,2.43E-02,2.54E-02,2.40E-02,3.17E-02,1.15E-02,4.55E-02,3.12E-02,4.20E-02,2.04E-02,1.57E-02,8.67E-03,3.98E-02,2.78E-02,2.93E-02,3.66E-02,3.70E-02,3.70E-02,3.70E-02,3.65E-02,3.75E-02,3.70E-02,3.68E-02,3.74E-02,3.67E-02,3.75E-02,3.60E-02,3.70E-02,3.42E-02,3.62E-02,3.62E-02,3.77E-02,3.64E-02,3.64E-02,3.58E-02,3.08E-02,3.68E-02,3.53E-02,3.08E-02,3.68E-02,4.20E-02,3.34E-02,3.66E-02,3.04E-02,3.61E-02,3.80E-02,9.53E-03,3.31E-02,2.85E-02,3.01E-02,2.83E-02,3.70E-02,3.56E-02,3.29E-02,3.74E-02,5.42E-02,9.48E-03,3.92E-02,1.73E-02,2.09E-02
5622,Sb,Sb,ON2,SbSbON2,4.09,1.7,0.9,0.78,3.03E-02,2.48E-02,3.27E-02,4.02E-02,3.29E-02,3.36E-02,5.38E-02,4.43E-02,1.38E-02,9.21E-03,7.01E-03,4.30E-02,4.62E-02,5.60E-02,3.90E-02,3.92E-02,1.83E-02,2.88E-02,4.20E-02,4.89E-02,3.99E-02,5.22E-02,4.49E-02,2.34E-02,1.14E-02,9.42E-03,3.07E-02,4.51E-02,4.63E-02,2.93E-02,3.66E-02,3.70E-02,3.70E-02,3.70E-02,3.65E-02,3.75E-02,3.70E-02,3.68E-02,3.74E-02,3.67E-02,3.75E-02,3.60E-02,3.70E-02,3.42E-02,3.62E-02,4.42E-02,3.23E-02,3.19E-02,3.19E-02,4.67E-02,-1.53E-03,3.47E-02,3.77E-02,9.48E-03,4.16E-02,4.08E-03,5.41E-02,3.23E-02,7.60E-02,5.42E-02,4.64E-02,8.18E-03,2.90E-02,2.50E-02,3.93E-02,-1.41E-03,3.49E-02,3.80E-02,1.01E-02,4.24E-02,5.26E-03,1.54E-02,3.46E-02,4.33E-02,3.14E-02
4346,Bi,B,OFN,BiBOFN,3.784,1.9,0.8,1.12,4.10E-02,2.45E-02,4.76E-02,6.90E-02,3.85E-02,3.66E-02,5.45E-02,3.74E-02,1.69E-02,5.43E-03,2.27E-03,2.39E-02,4.55E-02,5.60E-02,3.90E-02,1.19E-02,4.20E-02,1.01E-02,3.73E-03,1.25E-02,1.07E-02,4.43E-02,2.75E-02,1.00E-02,5.64E-02,1.05E-02,3.50E-02,4.49E-02,2.78E-02,2.93E-02,3.66E-02,3.70E-02,3.70E-02,3.70E-02,3.65E-02,3.75E-02,3.70E-02,3.68E-02,3.74E-02,3.67E-02,3.75E-02,3.60E-02,3.70E-02,3.42E-02,3.62E-02,3.43E-02,3.55E-02,4.32E-02,4.33E-02,3.39E-02,7.17E-02,3.93E-02,4.51E-02,7.11E-02,3.29E-02,4.38E-03,3.91E-02,4.23E-02,1.52E-02,1.81E-02,4.64E-02,8.18E-03,2.90E-02,2.50E-02,3.93E-02,-1.41E-03,3.49E-02,3.80E-02,1.01E-02,4.24E-02,5.26E-03,1.54E-02,3.46E-02,4.33E-02,3.14E-02
6008,Al,Nb,ON2,AlNbON2,4.09,2,1.7,0.72,2.15E-02,3.65E-02,1.32E-02,8.90E-03,1.81E-02,1.50E-02,4.62E-02,3.07E-02,2.91E-02,4.01E-02,6.84E-02,2.32E-02,3.63E-02,3.36E-02,3.90E-02,3.30E-02,4.93E-02,3.68E-02,3.20E-02,2.93E-02,3.79E-02,2.89E-02,3.58E-02,1.55E-02,1.46E-02,2.08E-02,4.17E-02,3.52E-02,4.63E-02,4.88E-02,3.66E-02,3.70E-02,3.70E-02,3.70E-02,3.65E-02,3.75E-02,3.70E-02,3.68E-02,3.74E-02,3.67E-02,3.75E-02,3.60E-02,3.70E-02,3.42E-02,3.62E-02,4.42E-02,3.23E-02,3.19E-02,3.19E-02,4.67E-02,-1.53E-03,3.47E-02,3.77E-02,9.48E-03,4.16E-02,4.08E-03,5.41E-02,3.23E-02,7.60E-02,5.42E-02,4.64E-02,8.18E-03,2.90E-02,2.50E-02,3.93E-02,-1.41E-03,3.49E-02,3.80E-02,1.01E-02,4.24E-02,5.26E-03,1.54E-02,3.46E-02,4.33E-02,3.14E-02
15246,Ge,Ti,O3,GeTiO3,3.925,4,3.4,0.2,2.11E-02,4.14E-02,2.60E-02,2.40E-02,2.42E-02,3.99E-02,5.00E-02,4.05E-02,7.17E-03,1.42E-02,1.73E-02,6.90E-02,4.53E-02,4.48E-02,5.20E-02,3.14E-02,3.50E-02,1.95E-02,1.65E-02,2.85E-02,7.90E-03,2.64E-02,3.55E-02,1.83E-02,2.87E-02,8.49E-03,2.88E-02,3.39E-02,3.70E-02,3.90E-02,3.66E-02,3.70E-02,3.70E-02,3.70E-02,3.65E-02,3.75E-02,3.70E-02,3.68E-02,3.74E-02,3.67E-02,3.75E-02,3.60E-02,3.70E-02,3.42E-02,3.62E-02,3.62E-02,3.77E-02,3.64E-02,3.64E-02,3.58E-02,3.08E-02,3.68E-02,3.53E-02,3.08E-02,3.68E-02,4.20E-02,3.34E-02,3.66E-02,3.04E-02,3.61E-02,3.80E-02,9.53E-03,3.31E-02,2.85E-02,3.01E-02,2.83E-02,3.70E-02,3.56E-02,3.29E-02,3.74E-02,5.42E-02,9.48E-03,3.92E-02,1.73E-02,2.09E-02
15762,Sr,Te,O3,SrTeO3,4.303,1,1,0.38,5.02E-02,2.20E-02,1.24E-02,2.89E-02,6.10E-02,-5.59E-02,5.07E-03,2.92E-02,2.83E-02,1.34E-02,1.02E-03,1.78E-02,2.14E-02,2.24E-02,2.60E-02,5.00E-02,1.24E-02,2.68E-02,4.40E-02,5.49E-02,7.51E-02,5.53E-02,4.68E-02,4.00E-02,1.11E-02,9.11E-04,2.71E-02,4.62E-02,5.55E-02,3.90E-02,3.66E-02,3.70E-02,3.70E-02,3.70E-02,3.65E-02,3.75E-02,3.70E-02,3.68E-02,3.74E-02,3.67E-02,3.75E-02,3.60E-02,3.70E-02,3.42E-02,3.62E-02,3.62E-02,3.77E-02,3.64E-02,3.64E-02,3.58E-02,3.08E-02,3.68E-02,3.53E-02,3.08E-02,3.68E-02,4.20E-02,3.34E-02,3.66E-02,3.04E-02,3.61E-02,3.80E-02,9.53E-03,3.31E-02,2.85E-02,3.01E-02,2.83E-02,3.70E-02,3.56E-02,3.29E-02,3.74E-02,5.42E-02,9.48E-03,3.92E-02,1.73E-02,2.09E-02
9720,Zn,Fe,O2S,ZnFeO2S,4.034,0.2,0.2,0.94,2.95E-02,1.57E-02,3.48E-02,2.16E-02,1.65E-02,0.00E+00,4.37E-02,4.82E-02,3.80E-02,1.73E-02,3.35E-02,1.60E-02,3.72E-02,2.24E-02,2.60E-02,2.83E-02,2.97E-02,3.38E-02,1.93E-02,1.89E-02,9.48E-03,3.38E-02,4.09E-02,2.51E-02,2.47E-02,3.11E-02,2.14E-02,4.03E-02,5.55E-02,2.93E-02,3.66E-02,3.70E-02,3.70E-02,3.70E-02,3.65E-02,3.75E-02,3.70E-02,3.68E-02,3.74E-02,3.67E-02,3.75E-02,3.60E-02,3.70E-02,3.42E-02,3.62E-02,3.62E-02,3.77E-02,3.64E-02,3.64E-02,3.58E-02,3.08E-02,3.68E-02,3.53E-02,3.08E-02,3.68E-02,4.20E-02,3.34E-02,3.66E-02,3.04E-02,3.61E-02,7.87E-03,7.59E-02,4.80E-02,5.71E-02,4.46E-02,4.03E-02,3.75E-02,2.71E-02,2.95E-03,2.89E-02,5.45E-02,7.39E-02,2.94E-02,5.19E-02,6.27E-02
14466,Bi,Sc,O3,BiScO3,4.095,3.4,3.2,0.54,4.10E-02,2.45E-02,4.76E-02,6.90E-02,3.85E-02,3.66E-02,5.45E-02,3.74E-02,1.69E-02,5.43E-03,2.27E-03,2.39E-02,4.55E-02,5.60E-02,3.90E-02,3.86E-02,3.05E-02,1.29E-02,1.55E-02,4.03E-02,7.15E-03,6.76E-03,3.40E-02,2.13E-02,3.12E-02,6.12E-03,2.50E-02,2.99E-02,2.78E-02,2.93E-02,3.66E-02,3.70E-02,3.70E-02,3.70E-02,3.65E-02,3.75E-02,3.70E-02,3.68E-02,3.74E-02,3.67E-02,3.75E-02,3.60E-02,3.70E-02,3.42E-02,3.62E-02,3.62E-02,3.77E-02,3.64E-02,3.64E-02,3.58E-02,3.08E-02,3.68E-02,3.53E-02,3.08E-02,3.68E-02,4.20E-02,3.34E-02,3.66E-02,3.04E-02,3.61E-02,3.80E-02,9.53E-03,3.31E-02,2.85E-02,3.01E-02,2.83E-02,3.70E-02,3.56E-02,3.29E-02,3.74E-02,5.42E-02,9.48E-03,3.92E-02,1.73E-02,2.09E-02
12721,Sc,Be,O2F,ScBeO2F,3.577,3.5,3.5,0.64,2.99E-02,4.14E-02,1.46E-02,1.48E-02,2.71E-02,6.02E-03,6.97E-03,3.35E-02,1.26E-02,2.53E-02,4.56E-03,3.49E-02,3.07E-02,3.36E-02,3.90E-02,2.32E-02,3.19E-02,7.95E-03,3.11E-03,1.31E-02,-9.48E-02,4.12E-02,4.85E-02,2.41E-02,1.00E-01,7.75E-02,1.82E-02,3.46E-02,1.85E-02,1.95E-02,3.66E-02,3.70E-02,3.70E-02,3.70E-02,3.65E-02,3.75E-02,3.70E-02,3.68E-02,3.74E-02,3.67E-02,3.75E-02,3.60E-02,3.70E-02,3.42E-02,3.62E-02,3.62E-02,3.77E-02,3.64E-02,3.64E-02,3.58E-02,3.08E-02,3.68E-02,3.53E-02,3.08E-02,3.68E-02,4.20E-02,3.34E-02,3.66E-02,3.04E-02,3.61E-02,3.61E-02,8.99E-03,3.93E-02,3.39E-02,2.85E-02,6.59E-02,3.96E-02,4.55E-02,7.59E-02,3.35E-02,5.65E-03,1.11E-02,4.53E-02,8.65E-03,1.05E-02
15321,Sn,Si,O3,SnSiO3,3.73,4.3,2.5,0.52,2.83E-02,3.83E-02,3.57E-02,3.92E-02,2.94E-02,4.03E-02,5.07E-02,3.77E-02,2.77E-02,1.01E-02,1.92E-02,1.56E-02,4.42E-02,4.48E-02,5.20E-02,1.34E-02,2.58E-02,1.00E-02,9.68E-03,3.24E-02,5.28E-02,4.79E-02,4.24E-02,5.54E-03,3.85E-02,5.74E-02,7.78E-02,4.18E-02,3.70E-02,3.90E-02,3.66E-02,3.70E-02,3.70E-02,3.70E-02,3.65E-02,3.75E-02,3.70E-02,3.68E-02,3.74E-02,3.67E-02,3.75E-02,3.60E-02,3.70E-02,3.42E-02,3.62E-02,3.62E-02,3.77E-02,3.64E-02,3.64E-02,3.58E-02,3.08E-02,3.68E-02,3.53E-02,3.08E-02,3.68E-02,4.20E-02,3.34E-02,3.66E-02,3.04E-02,3.61E-02,3.80E-02,9.53E-03,3.31E-02,2.85E-02,3.01E-02,2.83E-02,3.70E-02,3.56E-02,3.29E-02,3.74E-02,5.42E-02,9.48E-03,3.92E-02,1.73E-02,2.09E-02
8463,Li,Nb,O2S,LiNbO2S,4.356,2.3,2.1,0.58,3.03E-02,2.15E-02,2.59E-03,2.29E-03,2.35E-02,1.99E-02,6.33E-04,2.76E-02,5.79E-02,1.59E-01,2.44E-02,6.51E-03,2.21E-02,1.12E-02,1.30E-02,3.30E-02,4.93E-02,3.68E-02,3.20E-02,2.93E-02,3.79E-02,2.89E-02,3.58E-02,1.55E-02,1.46E-02,2.08E-02,4.17E-02,3.52E-02,4.63E-02,4.88E-02,3.66E-02,3.70E-02,3.70E-02,3.70E-02,3.65E-02,3.75E-02,3.70E-02,3.68E-02,3.74E-02,3.67E-02,3.75E-02,3.60E-02,3.70E-02,3.42E-02,3.62E-02,3.62E-02,3.77E-02,3.64E-02,3.64E-02,3.58E-02,3.08E-02,3.68E-02,3.53E-02,3.08E-02,3.68E-02,4.20E-02,3.34E-02,3.66E-02,3.04E-02,3.61E-02,7.87E-03,7.59E-02,4.80E-02,5.71E-02,4.46E-02,4.03E-02,3.75E-02,2.71E-02,2.95E-03,2.89E-02,5.45E-02,7.39E-02,2.94E-02,5.19E-02,6.27E-02
9319,Bi,Sc,O2S,BiScO2S,4.446,1.3,1.3,0.76,4.10E-02,2.45E-02,4.76E-02,6.90E-02,3.85E-02,3.66E-02,5.45E-02,3.74E-02,1.69E-02,5.43E-03,2.27E-03,2.39E-02,4.55E-02,5.60E-02,3.90E-02,3.86E-02,3.05E-02,1.29E-02,1.55E-02,4.03E-02,7.15E-03,6.76E-03,3.40E-02,2.13E-02,3.12E-02,6.12E-03,2.50E-02,2.99E-02,2.78E-02,2.93E-02,3.66E-02,3.70E-02,3.70E-02,3.70E-02,3.65E-02,3.75E-02,3.70E-02,3.68E-02,3.74E-02,3.67E-02,3.75E-02,3.60E-02,3.70E-02,3.42E-02,3.62E-02,3.62E-02,3.77E-02,3.64E-02,3.64E-02,3.58E-02,3.08E-02,3.68E-02,3.53E-02,3.08E-02,3.68E-02,4.20E-02,3.34E-02,3.66E-02,3.04E-02,3.61E-02,7.87E-03,7.59E-02,4.80E-02,5.71E-02,4.46E-02,4.03E-02,3.75E-02,2.71E-02,2.95E-03,2.89E-02,5.45E-02,7.39E-02,2.94E-02,5.19E-02,6.27E-02
14756,Mg,Zr,O3,MgZrO3,4.164,5.3,5.3,0.14,2.87E-02,1.84E-02,8.50E-03,8.02E-03,2.55E-02,-7.65E-02,4.31E-02,3.92E-02,3.12E-02,4.54E-02,4.50E-02,1.94E-02,2.95E-02,2.24E-02,2.60E-02,4.33E-02,4.60E-02,2.80E-02,3.14E-02,3.75E-02,1.98E-02,2.70E-02,3.30E-02,1.21E-02,1.53E-02,8.80E-03,3.26E-02,2.93E-02,3.70E-02,3.90E-02,3.66E-02,3.70E-02,3.70E-02,3.70E-02,3.65E-02,3.75E-02,3.70E-02,3.68E-02,3.74E-02,3.67E-02,3.75E-02,3.60E-02,3.70E-02,3.42E-02,3.62E-02,3.62E-02,3.77E-02,3.64E-02,3.64E-02,3.58E-02,3.08E-02,3.68E-02,3.53E-02,3.08E-02,3.68E-02,4.20E-02,3.34E-02,3.66E-02,3.04E-02,3.61E-02,3.80E-02,9.53E-03,3.31E-02,2.85E-02,3.01E-02,2.83E-02,3.70E-02,3.56E-02,3.29E-02,3.74E-02,5.42E-02,9.48E-03,3.92E-02,1.73E-02,2.09E-02
9808,Ge,Ti,O2S,GeTiO2S,4.333,2.7,2.2,0.52,2.11E-02,4.14E-02,2.60E-02,2.40E-02,2.42E-02,3.99E-02,5.00E-02,4.05E-02,7.17E-03,1.42E-02,1.73E-02,6.90E-02,4.53E-02,4.48E-02,5.20E-02,3.14E-02,3.50E-02,1.95E-02,1.65E-02,2.85E-02,7.90E-03,2.64E-02,3.55E-02,1.83E-02,2.87E-02,8.49E-03,2.88E-02,3.39E-02,3.70E-02,3.90E-02,3.66E-02,3.70E-02,3.70E-02,3.70E-02,3.65E-02,3.75E-02,3.70E-02,3.68E-02,3.74E-02,3.67E-02,3.75E-02,3.60E-02,3.70E-02,3.42E-02,3.62E-02,3.62E-02,3.77E-02,3.64E-02,3.64E-02,3.58E-02,3.08E-02,3.68E-02,3.53E-02,3.08E-02,3.68E-02,4.20E-02,3.34E-02,3.66E-02,3.04E-02,3.61E-02,7.87E-03,7.59E-02,4.80E-02,5.71E-02,4.46E-02,4.03E-02,3.75E-02,2.71E-02,2.95E-03,2.89E-02,5.45E-02,7.39E-02,2.94E-02,5.19E-02,6.27E-02
10065,Cd,Hf,O2S,CdHfO2S,4.442,0.8,0.8,0.74,3.78E-02,1.38E-02,4.23E-02,3.71E-02,2.34E-02,0.00E+00,4.43E-02,4.61E-02,3.88E-02,1.03E-02,2.79E-02,1.32E-02,3.81E-02,2.24E-02,2.60E-02,4.28E-02,4.79E-02,5.72E-02,6.15E-02,3.63E-02,0.00E+00,2.77E-02,3.46E-02,1.26E-02,7.69E-03,8.92E-03,3.37E-02,2.86E-02,3.70E-02,3.90E-02,3.66E-02,3.70E-02,3.70E-02,3.70E-02,3.65E-02,3.75E-02,3.70E-02,3.68E-02,3.74E-02,3.67E-02,3.75E-02,3.60E-02,3.70E-02,3.42E-02,3.62E-02,3.62E-02,3.77E-02,3.64E-02,3.64E-02,3.58E-02,3.08E-02,3.68E-02,3.53E-02,3.08E-02,3.68E-02,4.20E-02,3.34E-02,3.66E-02,3.04E-02,3.61E-02,7.87E-03,7.59E-02,4.80E-02,5.71E-02,4.46E-02,4.03E-02,3.75E-02,2.71E-02,2.95E-03,2.89E-02,5.45E-02,7.39E-02,2.94E-02,5.19E-02,6.27E-02
12327,Pb,Sc,O2F,PbScO2F,4.207,4.1,3.6,0.2,4.74E-02,2.69E-02,5.54E-02,6.84E-02,3.30E-02,3.66E-02,5.13E-02,3.80E-02,3.63E-02,5.74E-03,1.02E-02,1.03E-02,5.25E-02,4.48E-02,2.60E-02,3.86E-02,3.05E-02,1.29E-02,1.55E-02,4.03E-02,7.15E-03,6.76E-03,3.40E-02,2.13E-02,3.12E-02,6.12E-03,2.50E-02,2.99E-02,2.78E-02,2.93E-02,3.66E-02,3.70E-02,3.70E-02,3.70E-02,3.65E-02,3.75E-02,3.70E-02,3.68E-02,3.74E-02,3.67E-02,3.75E-02,3.60E-02,3.70E-02,3.42E-02,3.62E-02,3.62E-02,3.77E-02,3.64E-02,3.64E-02,3.58E-02,3.08E-02,3.68E-02,3.53E-02,3.08E-02,3.68E-02,4.20E-02,3.34E-02,3.66E-02,3.04E-02,3.61E-02,3.61E-02,8.99E-03,3.93E-02,3.39E-02,2.85E-02,6.59E-02,3.96E-02,4.55E-02,7.59E-02,3.35E-02,5.65E-03,1.11E-02,4.53E-02,8.65E-03,1.05E-02
9263,Cd,Sn,O2S,CdSnO2S,4.415,1,0.6,0.72,3.78E-02,1.38E-02,4.23E-02,3.71E-02,2.34E-02,0.00E+00,4.43E-02,4.61E-02,3.88E-02,1.03E-02,2.79E-02,1.32E-02,3.81E-02,2.24E-02,2.60E-02,3.66E-02,2.83E-02,3.14E-02,4.09E-02,4.37E-02,4.78E-02,4.92E-02,3.82E-02,4.69E-02,1.25E-02,2.58E-02,1.12E-02,4.31E-02,3.70E-02,3.90E-02,3.66E-02,3.70E-02,3.70E-02,3.70E-02,3.65E-02,3.75E-02,3.70E-02,3.68E-02,3.74E-02,3.67E-02,3.75E-02,3.60E-02,3.70E-02,3.42E-02,3.62E-02,3.62E-02,3.77E-02,3.64E-02,3.64E-02,3.58E-02,3.08E-02,3.68E-02,3.53E-02,3.08E-02,3.68E-02,4.20E-02,3.34E-02,3.66E-02,3.04E-02,3.61E-02,7.87E-03,7.59E-02,4.80E-02,5.71E-02,4.46E-02,4.03E-02,3.75E-02,2.71E-02,2.95E-03,2.89E-02,5.45E-02,7.39E-02,2.94E-02,5.19E-02,6.27E-02
2172,In,Ti,O2N,InTiO2N,3.957,0.9,0.2,0.5,3.19E-02,3.13E-02,3.57E-02,3.79E-02,2.84E-02,9.65E-03,4.75E-02,2.97E-02,4.04E-02,1.04E-02,2.35E-02,7.07E-03,4.01E-02,3.36E-02,3.90E-02,3.14E-02,3.50E-02,1.95E-02,1.65E-02,2.85E-02,7.90E-03,2.64E-02,3.55E-02,1.83E-02,2.87E-02,8.49E-03,2.88E-02,3.39E-02,3.70E-02,3.90E-02,3.66E-02,3.70E-02,3.70E-02,3.70E-02,3.65E-02,3.75E-02,3.70E-02,3.68E-02,3.74E-02,3.67E-02,3.75E-02,3.60E-02,3.70E-02,3.42E-02,3.62E-02,3.62E-02,3.77E-02,3.64E-02,3.64E-02,3.58E-02,3.08E-02,3.68E-02,3.53E-02,3.08E-02,3.68E-02,4.20E-02,3.34E-02,3.66E-02,3.04E-02,3.61E-02,4.64E-02,8.18E-03,2.90E-02,2.50E-02,3.93E-02,-1.41E-03,3.49E-02,3.80E-02,1.01E-02,4.24E-02,5.26E-03,1.54E-02,3.46E-02,4.33E-02,3.14E-02
4006,Zn,Ca,OFN,ZnCaOFN,4.267,1,0.8,1.34,2.95E-02,1.57E-02,3.48E-02,2.16E-02,1.65E-02,0.00E+00,4.37E-02,4.82E-02,3.80E-02,1.73E-02,3.35E-02,1.60E-02,3.72E-02,2.24E-02,2.60E-02,5.15E-02,1.73E-02,6.66E-03,1.38E-02,7.14E-02,-6.16E-02,4.30E-03,3.18E-02,4.75E-02,3.55E-02,7.75E-02,1.32E-02,2.20E-02,1.85E-02,1.95E-02,3.66E-02,3.70E-02,3.70E-02,3.70E-02,3.65E-02,3.75E-02,3.70E-02,3.68E-02,3.74E-02,3.67E-02,3.75E-02,3.60E-02,3.70E-02,3.42E-02,3.62E-02,3.43E-02,3.55E-02,4.32E-02,4.33E-02,3.39E-02,7.17E-02,3.93E-02,4.51E-02,7.11E-02,3.29E-02,4.38E-03,3.91E-02,4.23E-02,1.52E-02,1.81E-02,4.64E-02,8.18E-03,2.90E-02,2.50E-02,3.93E-02,-1.41E-03,3.49E-02,3.80E-02,1.01E-02,4.24E-02,5.26E-03,1.54E-02,3.46E-02,4.33E-02,3.14E-02
15399,Tl,Ta,O3,TlTaO3,4.124,2,2,0.1,6.33E-02,2.32E-02,5.79E-02,6.74E-02,3.11E-02,9.98E-03,4.81E-02,3.13E-02,3.76E-02,5.74E-03,1.33E-02,9.26E-03,4.60E-02,3.36E-02,1.30E-02,3.30E-02,5.63E-02,7.16E-02,6.24E-02,2.85E-02,2.37E-02,2.95E-02,4.10E-02,1.34E-02,7.69E-03,2.23E-02,5.58E-02,3.30E-02,4.63E-02,4.88E-02,3.66E-02,3.70E-02,3.70E-02,3.70E-02,3.65E-02,3.75E-02,3.70E-02,3.68E-02,3.74E-02,3.67E-02,3.75E-02,3.60E-02,3.70E-02,3.42E-02,3.62E-02,3.62E-02,3.77E-02,3.64E-02,3.64E-02,3.58E-02,3.08E-02,3.68E-02,3.53E-02,3.08E-02,3.68E-02,4.20E-02,3.34E-02,3.66E-02,3.04E-02,3.61E-02,3.80E-02,9.53E-03,3.31E-02,2.85E-02,3.01E-02,2.83E-02,3.70E-02,3.56E-02,3.29E-02,3.74E-02,5.42E-02,9.48E-03,3.92E-02,1.73E-02,2.09E-02
9519,Li,Ta,O2S,LiTaO2S,4.333,2.9,2.8,0.4,3.03E-02,2.15E-02,2.59E-03,2.29E-03,2.35E-02,1.99E-02,6.33E-04,2.76E-02,5.79E-02,1.59E-01,2.44E-02,6.51E-03,2.21E-02,1.12E-02,1.30E-02,3.30E-02,5.63E-02,7.16E-02,6.24E-02,2.85E-02,2.37E-02,2.95E-02,4.10E-02,1.34E-02,7.69E-03,2.23E-02,5.58E-02,3.30E-02,4.63E-02,4.88E-02,3.66E-02,3.70E-02,3.70E-02,3.70E-02,3.65E-02,3.75E-02,3.70E-02,3.68E-02,3.74E-02,3.67E-02,3.75E-02,3.60E-02,3.70E-02,3.42E-02,3.62E-02,3.62E-02,3.77E-02,3.64E-02,3.64E-02,3.58E-02,3.08E-02,3.68E-02,3.53E-02,3.08E-02,3.68E-02,4.20E-02,3.34E-02,3.66E-02,3.04E-02,3.61E-02,7.87E-03,7.59E-02,4.80E-02,5.71E-02,4.46E-02,4.03E-02,3.75E-02,2.71E-02,2.95E-03,2.89E-02,5.45E-02,7.39E-02,2.94E-02,5.19E-02,6.27E-02
8251,Ni,Ca,O2S,NiCaO2S,4.356,0.3,0.2,1.16,2.75E-02,4.00E-02,4.35E-02,1.94E-02,1.18E-02,3.69E-02,3.86E-02,3.91E-02,1.69E-02,1.98E-02,2.62E-02,3.73E-02,4.30E-02,3.36E-02,2.60E-02,5.15E-02,1.73E-02,6.66E-03,1.38E-02,7.14E-02,-6.16E-02,4.30E-03,3.18E-02,4.75E-02,3.55E-02,7.75E-02,1.32E-02,2.20E-02,1.85E-02,1.95E-02,3.66E-02,3.70E-02,3.70E-02,3.70E-02,3.65E-02,3.75E-02,3.70E-02,3.68E-02,3.74E-02,3.67E-02,3.75E-02,3.60E-02,3.70E-02,3.42E-02,3.62E-02,3.62E-02,3.77E-02,3.64E-02,3.64E-02,3.58E-02,3.08E-02,3.68E-02,3.53E-02,3.08E-02,3.68E-02,4.20E-02,3.34E-02,3.66E-02,3.04E-02,3.61E-02,7.87E-03,7.59E-02,4.80E-02,5.71E-02,4.46E-02,4.03E-02,3.75E-02,2.71E-02,2.95E-03,2.89E-02,5.45E-02,7.39E-02,2.94E-02,5.19E-02,6.27E-02
10348,Mg,Hf,O2S,MgHfO2S,4.526,5,4.6,0.7,2.87E-02,1.84E-02,8.50E-03,8.02E-03,2.55E-02,-7.65E-02,4.31E-02,3.92E-02,3.12E-02,4.54E-02,4.50E-02,1.94E-02,2.95E-02,2.24E-02,2.60E-02,4.28E-02,4.79E-02,5.72E-02,6.15E-02,3.63E-02,0.00E+00,2.77E-02,3.46E-02,1.26E-02,7.69E-03,8.92E-03,3.37E-02,2.86E-02,3.70E-02,3.90E-02,3.66E-02,3.70E-02,3.70E-02,3.70E-02,3.65E-02,3.75E-02,3.70E-02,3.68E-02,3.74E-02,3.67E-02,3.75E-02,3.60E-02,3.70E-02,3.42E-02,3.62E-02,3.62E-02,3.77E-02,3.64E-02,3.64E-02,3.58E-02,3.08E-02,3.68E-02,3.53E-02,3.08E-02,3.68E-02,4.20E-02,3.34E-02,3.66E-02,3.04E-02,3.61E-02,7.87E-03,7.59E-02,4.80E-02,5.71E-02,4.46E-02,4.03E-02,3.75E-02,2.71E-02,2.95E-03,2.89E-02,5.45E-02,7.39E-02,2.94E-02,5.19E-02,6.27E-02
12676,Cu,Hf,O2F,CuHfO2F,4.163,2,1.3,0.52,2.91E-02,3.78E-02,4.38E-02,2.09E-02,1.29E-02,3.94E-02,4.05E-02,3.96E-02,2.08E-02,1.71E-02,1.16E-01,2.85E-02,4.28E-02,2.24E-02,2.60E-02,4.28E-02,4.79E-02,5.72E-02,6.15E-02,3.63E-02,0.00E+00,2.77E-02,3.46E-02,1.26E-02,7.69E-03,8.92E-03,3.37E-02,2.86E-02,3.70E-02,3.90E-02,3.66E-02,3.70E-02,3.70E-02,3.70E-02,3.65E-02,3.75E-02,3.70E-02,3.68E-02,3.74E-02,3.67E-02,3.75E-02,3.60E-02,3.70E-02,3.42E-02,3.62E-02,3.62E-02,3.77E-02,3.64E-02,3.64E-02,3.58E-02,3.08E-02,3.68E-02,3.53E-02,3.08E-02,3.68E-02,4.20E-02,3.34E-02,3.66E-02,3.04E-02,3.61E-02,3.61E-02,8.99E-03,3.93E-02,3.39E-02,2.85E-02,6.59E-02,3.96E-02,4.55E-02,7.59E-02,3.35E-02,5.65E-03,1.11E-02,4.53E-02,8.65E-03,1.05E-02
1072,La,Si,O2N,LaSiO2N,3.78,3.3,3,0.3,4.62E-02,4.98E-02,3.00E-02,4.58E-02,4.08E-02,1.66E-02,8.23E-03,2.86E-02,6.55E-03,8.46E-03,3.90E-03,2.45E-02,2.48E-02,3.36E-02,3.90E-02,1.34E-02,2.58E-02,1.00E-02,9.68E-03,3.24E-02,5.28E-02,4.79E-02,4.24E-02,5.54E-03,3.85E-02,5.74E-02,7.78E-02,4.18E-02,3.70E-02,3.90E-02,3.66E-02,3.70E-02,3.70E-02,3.70E-02,3.65E-02,3.75E-02,3.70E-02,3.68E-02,3.74E-02,3.67E-02,3.75E-02,3.60E-02,3.70E-02,3.42E-02,3.62E-02,3.62E-02,3.77E-02,3.64E-02,3.64E-02,3.58E-02,3.08E-02,3.68E-02,3.53E-02,3.08E-02,3.68E-02,4.20E-02,3.34E-02,3.66E-02,3.04E-02,3.61E-02,4.64E-02,8.18E-03,2.90E-02,2.50E-02,3.93E-02,-1.41E-03,3.49E-02,3.80E-02,1.01E-02,4.24E-02,5.26E-03,1.54E-02,3.46E-02,4.33E-02,3.14E-02
1182,La,Sn,O2N,LaSnO2N,4.186,2.3,1.8,0.42,4.62E-02,4.98E-02,3.00E-02,4.58E-02,4.08E-02,1.66E-02,8.23E-03,2.86E-02,6.55E-03,8.46E-03,3.90E-03,2.45E-02,2.48E-02,3.36E-02,3.90E-02,3.66E-02,2.83E-02,3.14E-02,4.09E-02,4.37E-02,4.78E-02,4.92E-02,3.82E-02,4.69E-02,1.25E-02,2.58E-02,1.12E-02,4.31E-02,3.70E-02,3.90E-02,3.66E-02,3.70E-02,3.70E-02,3.70E-02,3.65E-02,3.75E-02,3.70E-02,3.68E-02,3.74E-02,3.67E-02,3.75E-02,3.60E-02,3.70E-02,3.42E-02,3.62E-02,3.62E-02,3.77E-02,3.64E-02,3.64E-02,3.58E-02,3.08E-02,3.68E-02,3.53E-02,3.08E-02,3.68E-02,4.20E-02,3.34E-02,3.66E-02,3.04E-02,3.61E-02,4.64E-02,8.18E-03,2.90E-02,2.50E-02,3.93E-02,-1.41E-03,3.49E-02,3.80E-02,1.01E-02,4.24E-02,5.26E-03,1.54E-02,3.46E-02,4.33E-02,3.14E-02
12495,Pb,Ga,O2F,PbGaO2F,4.071,3.8,2.9,0.18,4.74E-02,2.69E-02,5.54E-02,6.84E-02,3.30E-02,3.66E-02,5.13E-02,3.80E-02,3.63E-02,5.74E-03,1.02E-02,1.03E-02,5.25E-02,4.48E-02,2.60E-02,3.19E-02,2.43E-02,2.54E-02,2.40E-02,3.17E-02,1.15E-02,4.55E-02,3.12E-02,4.20E-02,2.04E-02,1.57E-02,8.67E-03,3.98E-02,2.78E-02,2.93E-02,3.66E-02,3.70E-02,3.70E-02,3.70E-02,3.65E-02,3.75E-02,3.70E-02,3.68E-02,3.74E-02,3.67E-02,3.75E-02,3.60E-02,3.70E-02,3.42E-02,3.62E-02,3.62E-02,3.77E-02,3.64E-02,3.64E-02,3.58E-02,3.08E-02,3.68E-02,3.53E-02,3.08E-02,3.68E-02,4.20E-02,3.34E-02,3.66E-02,3.04E-02,3.61E-02,3.61E-02,8.99E-03,3.93E-02,3.39E-02,2.85E-02,6.59E-02,3.96E-02,4.55E-02,7.59E-02,3.35E-02,5.65E-03,1.11E-02,4.53E-02,8.65E-03,1.05E-02
16150,Bi,Y,O3,BiYO3,4.365,1.7,1.1,0.52,4.10E-02,2.45E-02,4.76E-02,6.90E-02,3.85E-02,3.66E-02,5.45E-02,3.74E-02,1.69E-02,5.43E-03,2.27E-03,2.39E-02,4.55E-02,5.60E-02,3.90E-02,5.26E-02,3.55E-02,1.92E-02,3.06E-02,5.32E-02,0.00E+00,7.38E-03,3.32E-02,2.41E-02,1.65E-02,6.67E-03,2.66E-02,2.69E-02,2.78E-02,2.93E-02,3.66E-02,3.70E-02,3.70E-02,3.70E-02,3.65E-02,3.75E-02,3.70E-02,3.68E-02,3.74E-02,3.67E-02,3.75E-02,3.60E-02,3.70E-02,3.42E-02,3.62E-02,3.62E-02,3.77E-02,3.64E-02,3.64E-02,3.58E-02,3.08E-02,3.68E-02,3.53E-02,3.08E-02,3.68E-02,4.20E-02,3.34E-02,3.66E-02,3.04E-02,3.61E-02,3.80E-02,9.53E-03,3.31E-02,2.85E-02,3.01E-02,2.83E-02,3.70E-02,3.56E-02,3.29E-02,3.74E-02,5.42E-02,9.48E-03,3.92E-02,1.73E-02,2.09E-02
9080,Bi,Ga,O2S,BiGaO2S,4.365,2.5,1.5,0.62,4.10E-02,2.45E-02,4.76E-02,6.90E-02,3.85E-02,3.66E-02,5.45E-02,3.74E-02,1.69E-02,5.43E-03,2.27E-03,2.39E-02,4.55E-02,5.60E-02,3.90E-02,3.19E-02,2.43E-02,2.54E-02,2.40E-02,3.17E-02,1.15E-02,4.55E-02,3.12E-02,4.20E-02,2.04E-02,1.57E-02,8.67E-03,3.98E-02,2.78E-02,2.93E-02,3.66E-02,3.70E-02,3.70E-02,3.70E-02,3.65E-02,3.75E-02,3.70E-02,3.68E-02,3.74E-02,3.67E-02,3.75E-02,3.60E-02,3.70E-02,3.42E-02,3.62E-02,3.62E-02,3.77E-02,3.64E-02,3.64E-02,3.58E-02,3.08E-02,3.68E-02,3.53E-02,3.08E-02,3.68E-02,4.20E-02,3.34E-02,3.66E-02,3.04E-02,3.61E-02,7.87E-03,7.59E-02,4.80E-02,5.71E-02,4.46E-02,4.03E-02,3.75E-02,2.71E-02,2.95E-03,2.89E-02,5.45E-02,7.39E-02,2.94E-02,5.19E-02,6.27E-02
343,Zr,Na,O2N,ZrNaO2N,4.07,0.6,0.5,1.5,3.35E-02,6.23E-02,3.18E-02,3.01E-02,2.53E-02,1.66E-02,2.79E-02,3.25E-02,7.17E-03,1.24E-02,6.55E-03,4.55E-02,3.00E-02,4.48E-02,5.20E-02,5.26E-02,1.14E-02,4.17E-03,7.93E-03,6.43E-02,2.08E-02,1.23E-03,2.67E-02,1.51E-01,6.76E-02,5.47E-02,4.03E-03,2.05E-02,9.26E-03,9.76E-03,3.66E-02,3.70E-02,3.70E-02,3.70E-02,3.65E-02,3.75E-02,3.70E-02,3.68E-02,3.74E-02,3.67E-02,3.75E-02,3.60E-02,3.70E-02,3.42E-02,3.62E-02,3.62E-02,3.77E-02,3.64E-02,3.64E-02,3.58E-02,3.08E-02,3.68E-02,3.53E-02,3.08E-02,3.68E-02,4.20E-02,3.34E-02,3.66E-02,3.04E-02,3.61E-02,4.64E-02,8.18E-03,2.90E-02,2.50E-02,3.93E-02,-1.41E-03,3.49E-02,3.80E-02,1.01E-02,4.24E-02,5.26E-03,1.54E-02,3.46E-02,4.33E-02,3.14E-02
9550,Ca,Zr,O2S,CaZrO2S,4.52,4.1,4.1,0.46,3.98E-02,2.34E-02,7.57E-03,1.32E-02,4.81E-02,-5.19E-02,4.43E-03,3.13E-02,2.81E-02,2.88E-02,5.77E-02,1.85E-02,2.25E-02,2.24E-02,2.60E-02,4.33E-02,4.60E-02,2.80E-02,3.14E-02,3.75E-02,1.98E-02,2.70E-02,3.30E-02,1.21E-02,1.53E-02,8.80E-03,3.26E-02,2.93E-02,3.70E-02,3.90E-02,3.66E-02,3.70E-02,3.70E-02,3.70E-02,3.65E-02,3.75E-02,3.70E-02,3.68E-02,3.74E-02,3.67E-02,3.75E-02,3.60E-02,3.70E-02,3.42E-02,3.62E-02,3.62E-02,3.77E-02,3.64E-02,3.64E-02,3.58E-02,3.08E-02,3.68E-02,3.53E-02,3.08E-02,3.68E-02,4.20E-02,3.34E-02,3.66E-02,3.04E-02,3.61E-02,7.87E-03,7.59E-02,4.80E-02,5.71E-02,4.46E-02,4.03E-02,3.75E-02,2.71E-02,2.95E-03,2.89E-02,5.45E-02,7.39E-02,2.94E-02,5.19E-02,6.27E-02
8290,Ca,Si,O2S,CaSiO2S,4.123,2.6,1.8,0.78,3.98E-02,2.34E-02,7.57E-03,1.32E-02,4.81E-02,-5.19E-02,4.43E-03,3.13E-02,2.81E-02,2.88E-02,5.77E-02,1.85E-02,2.25E-02,2.24E-02,2.60E-02,1.34E-02,2.58E-02,1.00E-02,9.68E-03,3.24E-02,5.28E-02,4.79E-02,4.24E-02,5.54E-03,3.85E-02,5.74E-02,7.78E-02,4.18E-02,3.70E-02,3.90E-02,3.66E-02,3.70E-02,3.70E-02,3.70E-02,3.65E-02,3.75E-02,3.70E-02,3.68E-02,3.74E-02,3.67E-02,3.75E-02,3.60E-02,3.70E-02,3.42E-02,3.62E-02,3.62E-02,3.77E-02,3.64E-02,3.64E-02,3.58E-02,3.08E-02,3.68E-02,3.53E-02,3.08E-02,3.68E-02,4.20E-02,3.34E-02,3.66E-02,3.04E-02,3.61E-02,7.87E-03,7.59E-02,4.80E-02,5.71E-02,4.46E-02,4.03E-02,3.75E-02,2.71E-02,2.95E-03,2.89E-02,5.45E-02,7.39E-02,2.94E-02,5.19E-02,6.27E-02
15128,Y,Sc,O3,YScO3,4.081,6,5.9,0.34,4.06E-02,4.81E-02,2.18E-02,2.93E-02,3.59E-02,0.00E+00,7.60E-03,3.27E-02,1.42E-02,1.34E-02,4.96E-03,3.72E-02,2.75E-02,3.36E-02,3.90E-02,3.86E-02,3.05E-02,1.29E-02,1.55E-02,4.03E-02,7.15E-03,6.76E-03,3.40E-02,2.13E-02,3.12E-02,6.12E-03,2.50E-02,2.99E-02,2.78E-02,2.93E-02,3.66E-02,3.70E-02,3.70E-02,3.70E-02,3.65E-02,3.75E-02,3.70E-02,3.68E-02,3.74E-02,3.67E-02,3.75E-02,3.60E-02,3.70E-02,3.42E-02,3.62E-02,3.62E-02,3.77E-02,3.64E-02,3.64E-02,3.58E-02,3.08E-02,3.68E-02,3.53E-02,3.08E-02,3.68E-02,4.20E-02,3.34E-02,3.66E-02,3.04E-02,3.61E-02,3.80E-02,9.53E-03,3.31E-02,2.85E-02,3.01E-02,2.83E-02,3.70E-02,3.56E-02,3.29E-02,3.74E-02,5.42E-02,9.48E-03,3.92E-02,1.73E-02,2.09E-02
2238,Bi,Zr,O2N,BiZrO2N,4.239,1.5,1.1,0.5,4.10E-02,2.45E-02,4.76E-02,6.90E-02,3.85E-02,3.66E-02,5.45E-02,3.74E-02,1.69E-02,5.43E-03,2.27E-03,2.39E-02,4.55E-02,5.60E-02,3.90E-02,4.33E-02,4.60E-02,2.80E-02,3.14E-02,3.75E-02,1.98E-02,2.70E-02,3.30E-02,1.21E-02,1.53E-02,8.80E-03,3.26E-02,2.93E-02,3.70E-02,3.90E-02,3.66E-02,3.70E-02,3.70E-02,3.70E-02,3.65E-02,3.75E-02,3.70E-02,3.68E-02,3.74E-02,3.67E-02,3.75E-02,3.60E-02,3.70E-02,3.42E-02,3.62E-02,3.62E-02,3.77E-02,3.64E-02,3.64E-02,3.58E-02,3.08E-02,3.68E-02,3.53E-02,3.08E-02,3.68E-02,4.20E-02,3.34E-02,3.66E-02,3.04E-02,3.61E-02,4.64E-02,8.18E-03,2.90E-02,2.50E-02,3.93E-02,-1.41E-03,3.49E-02,3.80E-02,1.01E-02,4.24E-02,5.26E-03,1.54E-02,3.46E-02,4.33E-02,3.14E-02
14846,Si,Ti,O3,SiTiO3,3.905,3.2,2.4,0.62,1.04E-02,3.50E-02,1.14E-02,9.27E-03,2.18E-02,4.45E-02,4.94E-02,4.18E-02,3.27E-03,3.12E-02,4.27E-02,1.09E-01,4.28E-02,4.48E-02,5.20E-02,3.14E-02,3.50E-02,1.95E-02,1.65E-02,2.85E-02,7.90E-03,2.64E-02,3.55E-02,1.83E-02,2.87E-02,8.49E-03,2.88E-02,3.39E-02,3.70E-02,3.90E-02,3.66E-02,3.70E-02,3.70E-02,3.70E-02,3.65E-02,3.75E-02,3.70E-02,3.68E-02,3.74E-02,3.67E-02,3.75E-02,3.60E-02,3.70E-02,3.42E-02,3.62E-02,3.62E-02,3.77E-02,3.64E-02,3.64E-02,3.58E-02,3.08E-02,3.68E-02,3.53E-02,3.08E-02,3.68E-02,4.20E-02,3.34E-02,3.66E-02,3.04E-02,3.61E-02,3.80E-02,9.53E-03,3.31E-02,2.85E-02,3.01E-02,2.83E-02,3.70E-02,3.56E-02,3.29E-02,3.74E-02,5.42E-02,9.48E-03,3.92E-02,1.73E-02,2.09E-02
11164,Ca,In,O2F,CaInO2F,4.263,3.7,2.8,0.5,3.98E-02,2.34E-02,7.57E-03,1.32E-02,4.81E-02,-5.19E-02,4.43E-03,3.13E-02,2.81E-02,2.88E-02,5.77E-02,1.85E-02,2.25E-02,2.24E-02,2.60E-02,4.12E-02,2.31E-02,3.14E-02,3.96E-02,4.22E-02,1.15E-02,4.61E-02,3.01E-02,6.84E-02,1.28E-02,3.16E-02,5.05E-03,3.92E-02,2.78E-02,2.93E-02,3.66E-02,3.70E-02,3.70E-02,3.70E-02,3.65E-02,3.75E-02,3.70E-02,3.68E-02,3.74E-02,3.67E-02,3.75E-02,3.60E-02,3.70E-02,3.42E-02,3.62E-02,3.62E-02,3.77E-02,3.64E-02,3.64E-02,3.58E-02,3.08E-02,3.68E-02,3.53E-02,3.08E-02,3.68E-02,4.20E-02,3.34E-02,3.66E-02,3.04E-02,3.61E-02,3.61E-02,8.99E-03,3.93E-02,3.39E-02,2.85E-02,6.59E-02,3.96E-02,4.55E-02,7.59E-02,3.35E-02,5.65E-03,1.11E-02,4.53E-02,8.65E-03,1.05E-02
10074,Ag,Ta,O2S,AgTaO2S,4.361,2.1,2.1,0.24,4.58E-02,3.24E-02,5.13E-02,3.56E-02,1.85E-02,4.18E-02,4.12E-02,3.88E-02,2.38E-02,1.05E-02,1.24E-01,2.45E-02,4.35E-02,2.24E-02,1.30E-02,3.30E-02,5.63E-02,7.16E-02,6.24E-02,2.85E-02,2.37E-02,2.95E-02,4.10E-02,1.34E-02,7.69E-03,2.23E-02,5.58E-02,3.30E-02,4.63E-02,4.88E-02,3.66E-02,3.70E-02,3.70E-02,3.70E-02,3.65E-02,3.75E-02,3.70E-02,3.68E-02,3.74E-02,3.67E-02,3.75E-02,3.60E-02,3.70E-02,3.42E-02,3.62E-02,3.62E-02,3.77E-02,3.64E-02,3.64E-02,3.58E-02,3.08E-02,3.68E-02,3.53E-02,3.08E-02,3.68E-02,4.20E-02,3.34E-02,3.66E-02,3.04E-02,3.61E-02,7.87E-03,7.59E-02,4.80E-02,5.71E-02,4.46E-02,4.03E-02,3.75E-02,2.71E-02,2.95E-03,2.89E-02,5.45E-02,7.39E-02,2.94E-02,5.19E-02,6.27E-02
15297,Na,Ta,O3,NaTaO3,4.038,5.3,4.6,-0.58,4.06E-02,1.54E-02,4.74E-03,7.59E-03,4.33E-02,1.75E-02,1.27E-03,2.63E-02,8.94E-02,5.47E-02,4.07E-02,5.64E-03,2.10E-02,1.12E-02,1.30E-02,3.30E-02,5.63E-02,7.16E-02,6.24E-02,2.85E-02,2.37E-02,2.95E-02,4.10E-02,1.34E-02,7.69E-03,2.23E-02,5.58E-02,3.30E-02,4.63E-02,4.88E-02,3.66E-02,3.70E-02,3.70E-02,3.70E-02,3.65E-02,3.75E-02,3.70E-02,3.68E-02,3.74E-02,3.67E-02,3.75E-02,3.60E-02,3.70E-02,3.42E-02,3.62E-02,3.62E-02,3.77E-02,3.64E-02,3.64E-02,3.58E-02,3.08E-02,3.68E-02,3.53E-02,3.08E-02,3.68E-02,4.20E-02,3.34E-02,3.66E-02,3.04E-02,3.61E-02,3.80E-02,9.53E-03,3.31E-02,2.85E-02,3.01E-02,2.83E-02,3.70E-02,3.56E-02,3.29E-02,3.74E-02,5.42E-02,9.48E-03,3.92E-02,1.73E-02,2.09E-02
13970,Bi,Al,O3,BiAlO3,3.844,4.7,4.2,0.26,4.10E-02,2.45E-02,4.76E-02,6.90E-02,3.85E-02,3.66E-02,5.45E-02,3.74E-02,1.69E-02,5.43E-03,2.27E-03,2.39E-02,4.55E-02,5.60E-02,3.90E-02,2.78E-02,2.69E-02,1.16E-02,9.30E-03,2.69E-02,1.78E-02,4.49E-02,3.11E-02,4.92E-02,4.94E-02,9.19E-02,1.66E-02,3.54E-02,2.78E-02,2.93E-02,3.66E-02,3.70E-02,3.70E-02,3.70E-02,3.65E-02,3.75E-02,3.70E-02,3.68E-02,3.74E-02,3.67E-02,3.75E-02,3.60E-02,3.70E-02,3.42E-02,3.62E-02,3.62E-02,3.77E-02,3.64E-02,3.64E-02,3.58E-02,3.08E-02,3.68E-02,3.53E-02,3.08E-02,3.68E-02,4.20E-02,3.34E-02,3.66E-02,3.04E-02,3.61E-02,3.80E-02,9.53E-03,3.31E-02,2.85E-02,3.01E-02,2.83E-02,3.70E-02,3.56E-02,3.29E-02,3.74E-02,5.42E-02,9.48E-03,3.92E-02,1.73E-02,2.09E-02
11457,Ag,Hf,O2F,AgHfO2F,4.193,2.6,1.9,0.32,4.58E-02,3.24E-02,5.13E-02,3.56E-02,1.85E-02,4.18E-02,4.12E-02,3.88E-02,2.38E-02,1.05E-02,1.24E-01,2.45E-02,4.35E-02,2.24E-02,1.30E-02,4.28E-02,4.79E-02,5.72E-02,6.15E-02,3.63E-02,0.00E+00,2.77E-02,3.46E-02,1.26E-02,7.69E-03,8.92E-03,3.37E-02,2.86E-02,3.70E-02,3.90E-02,3.66E-02,3.70E-02,3.70E-02,3.70E-02,3.65E-02,3.75E-02,3.70E-02,3.68E-02,3.74E-02,3.67E-02,3.75E-02,3.60E-02,3.70E-02,3.42E-02,3.62E-02,3.62E-02,3.77E-02,3.64E-02,3.64E-02,3.58E-02,3.08E-02,3.68E-02,3.53E-02,3.08E-02,3.68E-02,4.20E-02,3.34E-02,3.66E-02,3.04E-02,3.61E-02,3.61E-02,8.99E-03,3.93E-02,3.39E-02,2.85E-02,6.59E-02,3.96E-02,4.55E-02,7.59E-02,3.35E-02,5.65E-03,1.11E-02,4.53E-02,8.65E-03,1.05E-02
15125,Mg,Sn,O3,MgSnO3,4.113,2.9,2.5,0.32,2.87E-02,1.84E-02,8.50E-03,8.02E-03,2.55E-02,-7.65E-02,4.31E-02,3.92E-02,3.12E-02,4.54E-02,4.50E-02,1.94E-02,2.95E-02,2.24E-02,2.60E-02,3.66E-02,2.83E-02,3.14E-02,4.09E-02,4.37E-02,4.78E-02,4.92E-02,3.82E-02,4.69E-02,1.25E-02,2.58E-02,1.12E-02,4.31E-02,3.70E-02,3.90E-02,3.66E-02,3.70E-02,3.70E-02,3.70E-02,3.65E-02,3.75E-02,3.70E-02,3.68E-02,3.74E-02,3.67E-02,3.75E-02,3.60E-02,3.70E-02,3.42E-02,3.62E-02,3.62E-02,3.77E-02,3.64E-02,3.64E-02,3.58E-02,3.08E-02,3.68E-02,3.53E-02,3.08E-02,3.68E-02,4.20E-02,3.34E-02,3.66E-02,3.04E-02,3.61E-02,3.80E-02,9.53E-03,3.31E-02,2.85E-02,3.01E-02,2.83E-02,3.70E-02,3.56E-02,3.29E-02,3.74E-02,5.42E-02,9.48E-03,3.92E-02,1.73E-02,2.09E-02
15267,K,Ta,O3,KTaO3,4.079,5,4.4,-0.64,6.01E-02,1.38E-02,4.20E-03,1.29E-02,8.24E-02,1.61E-02,1.90E-03,2.23E-02,1.03E-01,3.37E-02,2.96E-02,5.05E-03,1.85E-02,1.12E-02,1.30E-02,3.30E-02,5.63E-02,7.16E-02,6.24E-02,2.85E-02,2.37E-02,2.95E-02,4.10E-02,1.34E-02,7.69E-03,2.23E-02,5.58E-02,3.30E-02,4.63E-02,4.88E-02,3.66E-02,3.70E-02,3.70E-02,3.70E-02,3.65E-02,3.75E-02,3.70E-02,3.68E-02,3.74E-02,3.67E-02,3.75E-02,3.60E-02,3.70E-02,3.42E-02,3.62E-02,3.62E-02,3.77E-02,3.64E-02,3.64E-02,3.58E-02,3.08E-02,3.68E-02,3.53E-02,3.08E-02,3.68E-02,4.20E-02,3.34E-02,3.66E-02,3.04E-02,3.61E-02,3.80E-02,9.53E-03,3.31E-02,2.85E-02,3.01E-02,2.83E-02,3.70E-02,3.56E-02,3.29E-02,3.74E-02,5.42E-02,9.48E-03,3.92E-02,1.73E-02,2.09E-02
9140,Ti,Mg,O2S,TiMgO2S,4.135,0.2,0.2,1.1,2.43E-02,4.74E-02,2.22E-02,1.58E-02,1.92E-02,6.66E-03,2.72E-02,3.50E-02,1.08E-02,2.33E-02,6.32E-03,4.03E-02,3.47E-02,4.48E-02,5.20E-02,3.71E-02,1.36E-02,7.48E-03,8.38E-03,3.79E-02,-9.09E-02,4.18E-02,3.98E-02,5.28E-02,5.60E-02,6.05E-02,1.39E-02,2.88E-02,1.85E-02,1.95E-02,3.66E-02,3.70E-02,3.70E-02,3.70E-02,3.65E-02,3.75E-02,3.70E-02,3.68E-02,3.74E-02,3.67E-02,3.75E-02,3.60E-02,3.70E-02,3.42E-02,3.62E-02,3.62E-02,3.77E-02,3.64E-02,3.64E-02,3.58E-02,3.08E-02,3.68E-02,3.53E-02,3.08E-02,3.68E-02,4.20E-02,3.34E-02,3.66E-02,3.04E-02,3.61E-02,7.87E-03,7.59E-02,4.80E-02,5.71E-02,4.46E-02,4.03E-02,3.75E-02,2.71E-02,2.95E-03,2.89E-02,5.45E-02,7.39E-02,2.94E-02,5.19E-02,6.27E-02
10297,Cu,Ta,O2S,CuTaO2S,4.363,1.8,1.2,0.26,2.91E-02,3.78E-02,4.38E-02,2.09E-02,1.29E-02,3.94E-02,4.05E-02,3.96E-02,2.08E-02,1.71E-02,1.16E-01,2.85E-02,4.28E-02,2.24E-02,2.60E-02,3.30E-02,5.63E-02,7.16E-02,6.24E-02,2.85E-02,2.37E-02,2.95E-02,4.10E-02,1.34E-02,7.69E-03,2.23E-02,5.58E-02,3.30E-02,4.63E-02,4.88E-02,3.66E-02,3.70E-02,3.70E-02,3.70E-02,3.65E-02,3.75E-02,3.70E-02,3.68E-02,3.74E-02,3.67E-02,3.75E-02,3.60E-02,3.70E-02,3.42E-02,3.62E-02,3.62E-02,3.77E-02,3.64E-02,3.64E-02,3.58E-02,3.08E-02,3.68E-02,3.53E-02,3.08E-02,3.68E-02,4.20E-02,3.34E-02,3.66E-02,3.04E-02,3.61E-02,7.87E-03,7.59E-02,4.80E-02,5.71E-02,4.46E-02,4.03E-02,3.75E-02,2.71E-02,2.95E-03,2.89E-02,5.45E-02,7.39E-02,2.94E-02,5.19E-02,6.27E-02
4166,Sc,Al,OFN,ScAlOFN,3.749,1.7,1.2,0.72,2.99E-02,4.14E-02,1.46E-02,1.48E-02,2.71E-02,6.02E-03,6.97E-03,3.35E-02,1.26E-02,2.53E-02,4.56E-03,3.49E-02,3.07E-02,3.36E-02,3.90E-02,2.78E-02,2.69E-02,1.16E-02,9.30E-03,2.69E-02,1.78E-02,4.49E-02,3.11E-02,4.92E-02,4.94E-02,9.19E-02,1.66E-02,3.54E-02,2.78E-02,2.93E-02,3.66E-02,3.70E-02,3.70E-02,3.70E-02,3.65E-02,3.75E-02,3.70E-02,3.68E-02,3.74E-02,3.67E-02,3.75E-02,3.60E-02,3.70E-02,3.42E-02,3.62E-02,3.43E-02,3.55E-02,4.32E-02,4.33E-02,3.39E-02,7.17E-02,3.93E-02,4.51E-02,7.11E-02,3.29E-02,4.38E-03,3.91E-02,4.23E-02,1.52E-02,1.81E-02,4.64E-02,8.18E-03,2.90E-02,2.50E-02,3.93E-02,-1.41E-03,3.49E-02,3.80E-02,1.01E-02,4.24E-02,5.26E-03,1.54E-02,3.46E-02,4.33E-02,3.14E-02
9511,Ca,Sn,O2S,CaSnO2S,4.447,1.3,1.3,0.62,3.98E-02,2.34E-02,7.57E-03,1.32E-02,4.81E-02,-5.19E-02,4.43E-03,3.13E-02,2.81E-02,2.88E-02,5.77E-02,1.85E-02,2.25E-02,2.24E-02,2.60E-02,3.66E-02,2.83E-02,3.14E-02,4.09E-02,4.37E-02,4.78E-02,4.92E-02,3.82E-02,4.69E-02,1.25E-02,2.58E-02,1.12E-02,4.31E-02,3.70E-02,3.90E-02,3.66E-02,3.70E-02,3.70E-02,3.70E-02,3.65E-02,3.75E-02,3.70E-02,3.68E-02,3.74E-02,3.67E-02,3.75E-02,3.60E-02,3.70E-02,3.42E-02,3.62E-02,3.62E-02,3.77E-02,3.64E-02,3.64E-02,3.58E-02,3.08E-02,3.68E-02,3.53E-02,3.08E-02,3.68E-02,4.20E-02,3.34E-02,3.66E-02,3.04E-02,3.61E-02,7.87E-03,7.59E-02,4.80E-02,5.71E-02,4.46E-02,4.03E-02,3.75E-02,2.71E-02,2.95E-03,2.89E-02,5.45E-02,7.39E-02,2.94E-02,5.19E-02,6.27E-02
4252,Y,B,OFN,YBOFN,3.642,2.1,1.4,1.06,4.06E-02,4.81E-02,2.18E-02,2.93E-02,3.59E-02,0.00E+00,7.60E-03,3.27E-02,1.42E-02,1.34E-02,4.96E-03,3.72E-02,2.75E-02,3.36E-02,3.90E-02,1.19E-02,4.20E-02,1.01E-02,3.73E-03,1.25E-02,1.07E-02,4.43E-02,2.75E-02,1.00E-02,5.64E-02,1.05E-02,3.50E-02,4.49E-02,2.78E-02,2.93E-02,3.66E-02,3.70E-02,3.70E-02,3.70E-02,3.65E-02,3.75E-02,3.70E-02,3.68E-02,3.74E-02,3.67E-02,3.75E-02,3.60E-02,3.70E-02,3.42E-02,3.62E-02,3.43E-02,3.55E-02,4.32E-02,4.33E-02,3.39E-02,7.17E-02,3.93E-02,4.51E-02,7.11E-02,3.29E-02,4.38E-03,3.91E-02,4.23E-02,1.52E-02,1.81E-02,4.64E-02,8.18E-03,2.90E-02,2.50E-02,3.93E-02,-1.41E-03,3.49E-02,3.80E-02,1.01E-02,4.24E-02,5.26E-03,1.54E-02,3.46E-02,4.33E-02,3.14E-02
8415,Zn,Hf,O2S,ZnHfO2S,4.484,1.9,1.4,0.76,2.95E-02,1.57E-02,3.48E-02,2.16E-02,1.65E-02,0.00E+00,4.37E-02,4.82E-02,3.80E-02,1.73E-02,3.35E-02,1.60E-02,3.72E-02,2.24E-02,2.60E-02,4.28E-02,4.79E-02,5.72E-02,6.15E-02,3.63E-02,0.00E+00,2.77E-02,3.46E-02,1.26E-02,7.69E-03,8.92E-03,3.37E-02,2.86E-02,3.70E-02,3.90E-02,3.66E-02,3.70E-02,3.70E-02,3.70E-02,3.65E-02,3.75E-02,3.70E-02,3.68E-02,3.74E-02,3.67E-02,3.75E-02,3.60E-02,3.70E-02,3.42E-02,3.62E-02,3.62E-02,3.77E-02,3.64E-02,3.64E-02,3.58E-02,3.08E-02,3.68E-02,3.53E-02,3.08E-02,3.68E-02,4.20E-02,3.34E-02,3.66E-02,3.04E-02,3.61E-02,7.87E-03,7.59E-02,4.80E-02,5.71E-02,4.46E-02,4.03E-02,3.75E-02,2.71E-02,2.95E-03,2.89E-02,5.45E-02,7.39E-02,2.94E-02,5.19E-02,6.27E-02
4186,Ge,Zr,OFN,GeZrOFN,4.246,1.6,1,0.62,2.11E-02,4.14E-02,2.60E-02,2.40E-02,2.42E-02,3.99E-02,5.00E-02,4.05E-02,7.17E-03,1.42E-02,1.73E-02,6.90E-02,4.53E-02,4.48E-02,5.20E-02,4.33E-02,4.60E-02,2.80E-02,3.14E-02,3.75E-02,1.98E-02,2.70E-02,3.30E-02,1.21E-02,1.53E-02,8.80E-03,3.26E-02,2.93E-02,3.70E-02,3.90E-02,3.66E-02,3.70E-02,3.70E-02,3.70E-02,3.65E-02,3.75E-02,3.70E-02,3.68E-02,3.74E-02,3.67E-02,3.75E-02,3.60E-02,3.70E-02,3.42E-02,3.62E-02,3.43E-02,3.55E-02,4.32E-02,4.33E-02,3.39E-02,7.17E-02,3.93E-02,4.51E-02,7.11E-02,3.29E-02,4.38E-03,3.91E-02,4.23E-02,1.52E-02,1.81E-02,4.64E-02,8.18E-03,2.90E-02,2.50E-02,3.93E-02,-1.41E-03,3.49E-02,3.80E-02,1.01E-02,4.24E-02,5.26E-03,1.54E-02,3.46E-02,4.33E-02,3.14E-02
9296,Ba,Zr,O2S,BaZrO2S,4.661,4.5,4.1,0.32,5.66E-02,2.77E-02,1.75E-02,4.53E-02,6.85E-02,-1.73E-02,5.70E-03,2.67E-02,2.59E-02,9.08E-03,5.31E-03,1.74E-02,2.01E-02,2.24E-02,2.60E-02,4.33E-02,4.60E-02,2.80E-02,3.14E-02,3.75E-02,1.98E-02,2.70E-02,3.30E-02,1.21E-02,1.53E-02,8.80E-03,3.26E-02,2.93E-02,3.70E-02,3.90E-02,3.66E-02,3.70E-02,3.70E-02,3.70E-02,3.65E-02,3.75E-02,3.70E-02,3.68E-02,3.74E-02,3.67E-02,3.75E-02,3.60E-02,3.70E-02,3.42E-02,3.62E-02,3.62E-02,3.77E-02,3.64E-02,3.64E-02,3.58E-02,3.08E-02,3.68E-02,3.53E-02,3.08E-02,3.68E-02,4.20E-02,3.34E-02,3.66E-02,3.04E-02,3.61E-02,7.87E-03,7.59E-02,4.80E-02,5.71E-02,4.46E-02,4.03E-02,3.75E-02,2.71E-02,2.95E-03,2.89E-02,5.45E-02,7.39E-02,2.94E-02,5.19E-02,6.27E-02
16097,Ge,Ge,O3,GeGeO3,3.789,3.4,2.4,0.52,2.11E-02,4.14E-02,2.60E-02,2.40E-02,2.42E-02,3.99E-02,5.00E-02,4.05E-02,7.17E-03,1.42E-02,1.73E-02,6.90E-02,4.53E-02,4.48E-02,5.20E-02,2.73E-02,3.05E-02,2.29E-02,2.50E-02,3.59E-02,4.74E-02,4.86E-02,4.11E-02,1.21E-02,1.76E-02,2.32E-02,4.93E-02,4.43E-02,3.70E-02,3.90E-02,3.66E-02,3.70E-02,3.70E-02,3.70E-02,3.65E-02,3.75E-02,3.70E-02,3.68E-02,3.74E-02,3.67E-02,3.75E-02,3.60E-02,3.70E-02,3.42E-02,3.62E-02,3.62E-02,3.77E-02,3.64E-02,3.64E-02,3.58E-02,3.08E-02,3.68E-02,3.53E-02,3.08E-02,3.68E-02,4.20E-02,3.34E-02,3.66E-02,3.04E-02,3.61E-02,3.80E-02,9.53E-03,3.31E-02,2.85E-02,3.01E-02,2.83E-02,3.70E-02,3.56E-02,3.29E-02,3.74E-02,5.42E-02,9.48E-03,3.92E-02,1.73E-02,2.09E-02
567,Ca,Nb,O2N,CaNbO2N,4.088,1.4,1.4,0.1,3.98E-02,2.34E-02,7.57E-03,1.32E-02,4.81E-02,-5.19E-02,4.43E-03,3.13E-02,2.81E-02,2.88E-02,5.77E-02,1.85E-02,2.25E-02,2.24E-02,2.60E-02,3.30E-02,4.93E-02,3.68E-02,3.20E-02,2.93E-02,3.79E-02,2.89E-02,3.58E-02,1.55E-02,1.46E-02,2.08E-02,4.17E-02,3.52E-02,4.63E-02,4.88E-02,3.66E-02,3.70E-02,3.70E-02,3.70E-02,3.65E-02,3.75E-02,3.70E-02,3.68E-02,3.74E-02,3.67E-02,3.75E-02,3.60E-02,3.70E-02,3.42E-02,3.62E-02,3.62E-02,3.77E-02,3.64E-02,3.64E-02,3.58E-02,3.08E-02,3.68E-02,3.53E-02,3.08E-02,3.68E-02,4.20E-02,3.34E-02,3.66E-02,3.04E-02,3.61E-02,4.64E-02,8.18E-03,2.90E-02,2.50E-02,3.93E-02,-1.41E-03,3.49E-02,3.80E-02,1.01E-02,4.24E-02,5.26E-03,1.54E-02,3.46E-02,4.33E-02,3.14E-02
6297,Ti,Ge,ON2,TiGeON2,3.815,1.2,0.8,0.9,2.43E-02,4.74E-02,2.22E-02,1.58E-02,1.92E-02,6.66E-03,2.72E-02,3.50E-02,1.08E-02,2.33E-02,6.32E-03,4.03E-02,3.47E-02,4.48E-02,5.20E-02,2.73E-02,3.05E-02,2.29E-02,2.50E-02,3.59E-02,4.74E-02,4.86E-02,4.11E-02,1.21E-02,1.76E-02,2.32E-02,4.93E-02,4.43E-02,3.70E-02,3.90E-02,3.66E-02,3.70E-02,3.70E-02,3.70E-02,3.65E-02,3.75E-02,3.70E-02,3.68E-02,3.74E-02,3.67E-02,3.75E-02,3.60E-02,3.70E-02,3.42E-02,3.62E-02,4.42E-02,3.23E-02,3.19E-02,3.19E-02,4.67E-02,-1.53E-03,3.47E-02,3.77E-02,9.48E-03,4.16E-02,4.08E-03,5.41E-02,3.23E-02,7.60E-02,5.42E-02,4.64E-02,8.18E-03,2.90E-02,2.50E-02,3.93E-02,-1.41E-03,3.49E-02,3.80E-02,1.01E-02,4.24E-02,5.26E-03,1.54E-02,3.46E-02,4.33E-02,3.14E-02
13328,As,Ga,O2F,AsGaO2F,3.949,2,1.1,0.86,2.31E-02,1.17E-02,2.82E-02,2.47E-02,2.34E-02,2.56E-02,5.32E-02,5.03E-02,1.94E-02,1.47E-02,1.44E-02,6.01E-02,4.87E-02,5.60E-02,3.90E-02,3.19E-02,2.43E-02,2.54E-02,2.40E-02,3.17E-02,1.15E-02,4.55E-02,3.12E-02,4.20E-02,2.04E-02,1.57E-02,8.67E-03,3.98E-02,2.78E-02,2.93E-02,3.66E-02,3.70E-02,3.70E-02,3.70E-02,3.65E-02,3.75E-02,3.70E-02,3.68E-02,3.74E-02,3.67E-02,3.75E-02,3.60E-02,3.70E-02,3.42E-02,3.62E-02,3.62E-02,3.77E-02,3.64E-02,3.64E-02,3.58E-02,3.08E-02,3.68E-02,3.53E-02,3.08E-02,3.68E-02,4.20E-02,3.34E-02,3.66E-02,3.04E-02,3.61E-02,3.61E-02,8.99E-03,3.93E-02,3.39E-02,2.85E-02,6.59E-02,3.96E-02,4.55E-02,7.59E-02,3.35E-02,5.65E-03,1.11E-02,4.53E-02,8.65E-03,1.05E-02
8965,Sr,Zr,O2S,SrZrO2S,4.58,4.6,4.4,0.38,5.02E-02,2.20E-02,1.24E-02,2.89E-02,6.10E-02,-5.59E-02,5.07E-03,2.92E-02,2.83E-02,1.34E-02,1.02E-03,1.78E-02,2.14E-02,2.24E-02,2.60E-02,4.33E-02,4.60E-02,2.80E-02,3.14E-02,3.75E-02,1.98E-02,2.70E-02,3.30E-02,1.21E-02,1.53E-02,8.80E-03,3.26E-02,2.93E-02,3.70E-02,3.90E-02,3.66E-02,3.70E-02,3.70E-02,3.70E-02,3.65E-02,3.75E-02,3.70E-02,3.68E-02,3.74E-02,3.67E-02,3.75E-02,3.60E-02,3.70E-02,3.42E-02,3.62E-02,3.62E-02,3.77E-02,3.64E-02,3.64E-02,3.58E-02,3.08E-02,3.68E-02,3.53E-02,3.08E-02,3.68E-02,4.20E-02,3.34E-02,3.66E-02,3.04E-02,3.61E-02,7.87E-03,7.59E-02,4.80E-02,5.71E-02,4.46E-02,4.03E-02,3.75E-02,2.71E-02,2.95E-03,2.89E-02,5.45E-02,7.39E-02,2.94E-02,5.19E-02,6.27E-02
13741,Pb,Zr,O3,PbZrO3,4.204,5.5,5.4,0.08,4.74E-02,2.69E-02,5.54E-02,6.84E-02,3.30E-02,3.66E-02,5.13E-02,3.80E-02,3.63E-02,5.74E-03,1.02E-02,1.03E-02,5.25E-02,4.48E-02,2.60E-02,4.33E-02,4.60E-02,2.80E-02,3.14E-02,3.75E-02,1.98E-02,2.70E-02,3.30E-02,1.21E-02,1.53E-02,8.80E-03,3.26E-02,2.93E-02,3.70E-02,3.90E-02,3.66E-02,3.70E-02,3.70E-02,3.70E-02,3.65E-02,3.75E-02,3.70E-02,3.68E-02,3.74E-02,3.67E-02,3.75E-02,3.60E-02,3.70E-02,3.42E-02,3.62E-02,3.62E-02,3.77E-02,3.64E-02,3.64E-02,3.58E-02,3.08E-02,3.68E-02,3.53E-02,3.08E-02,3.68E-02,4.20E-02,3.34E-02,3.66E-02,3.04E-02,3.61E-02,3.80E-02,9.53E-03,3.31E-02,2.85E-02,3.01E-02,2.83E-02,3.70E-02,3.56E-02,3.29E-02,3.74E-02,5.42E-02,9.48E-03,3.92E-02,1.73E-02,2.09E-02
14623,Al,Ta,O3,AlTaO3,4.078,0.7,0.4,0.56,2.15E-02,3.65E-02,1.32E-02,8.90E-03,1.81E-02,1.50E-02,4.62E-02,3.07E-02,2.91E-02,4.01E-02,6.84E-02,2.32E-02,3.63E-02,3.36E-02,3.90E-02,3.30E-02,5.63E-02,7.16E-02,6.24E-02,2.85E-02,2.37E-02,2.95E-02,4.10E-02,1.34E-02,7.69E-03,2.23E-02,5.58E-02,3.30E-02,4.63E-02,4.88E-02,3.66E-02,3.70E-02,3.70E-02,3.70E-02,3.65E-02,3.75E-02,3.70E-02,3.68E-02,3.74E-02,3.67E-02,3.75E-02,3.60E-02,3.70E-02,3.42E-02,3.62E-02,3.62E-02,3.77E-02,3.64E-02,3.64E-02,3.58E-02,3.08E-02,3.68E-02,3.53E-02,3.08E-02,3.68E-02,4.20E-02,3.34E-02,3.66E-02,3.04E-02,3.61E-02,3.80E-02,9.53E-03,3.31E-02,2.85E-02,3.01E-02,2.83E-02,3.70E-02,3.56E-02,3.29E-02,3.74E-02,5.42E-02,9.48E-03,3.92E-02,1.73E-02,2.09E-02
18176,In,Zr,N3,InZrN3,4.346,0.2,0.2,1.16,3.19E-02,3.13E-02,3.57E-02,3.79E-02,2.84E-02,9.65E-03,4.75E-02,2.97E-02,4.04E-02,1.04E-02,2.35E-02,7.07E-03,4.01E-02,3.36E-02,3.90E-02,4.33E-02,4.60E-02,2.80E-02,3.14E-02,3.75E-02,1.98E-02,2.70E-02,3.30E-02,1.21E-02,1.53E-02,8.80E-03,3.26E-02,2.93E-02,3.70E-02,3.90E-02,4.47E-02,3.18E-02,3.24E-02,3.24E-02,4.77E-02,-1.86E-03,3.48E-02,3.93E-02,1.15E-02,4.16E-02,3.64E-03,5.83E-02,3.27E-02,8.55E-02,5.43E-02,4.42E-02,3.23E-02,3.19E-02,3.19E-02,4.67E-02,-1.53E-03,3.47E-02,3.77E-02,9.48E-03,4.16E-02,4.08E-03,5.41E-02,3.23E-02,7.60E-02,5.42E-02,4.64E-02,8.18E-03,2.90E-02,2.50E-02,3.93E-02,-1.41E-03,3.49E-02,3.80E-02,1.01E-02,4.24E-02,5.26E-03,1.54E-02,3.46E-02,4.33E-02,3.14E-02
11091,K,Ti,O2F,KTiO2F,4.002,3.9,3.2,0.3,6.01E-02,1.38E-02,4.20E-03,1.29E-02,8.24E-02,1.61E-02,1.90E-03,2.23E-02,1.03E-01,3.37E-02,2.96E-02,5.05E-03,1.85E-02,1.12E-02,1.30E-02,3.14E-02,3.50E-02,1.95E-02,1.65E-02,2.85E-02,7.90E-03,2.64E-02,3.55E-02,1.83E-02,2.87E-02,8.49E-03,2.88E-02,3.39E-02,3.70E-02,3.90E-02,3.66E-02,3.70E-02,3.70E-02,3.70E-02,3.65E-02,3.75E-02,3.70E-02,3.68E-02,3.74E-02,3.67E-02,3.75E-02,3.60E-02,3.70E-02,3.42E-02,3.62E-02,3.62E-02,3.77E-02,3.64E-02,3.64E-02,3.58E-02,3.08E-02,3.68E-02,3.53E-02,3.08E-02,3.68E-02,4.20E-02,3.34E-02,3.66E-02,3.04E-02,3.61E-02,3.61E-02,8.99E-03,3.93E-02,3.39E-02,2.85E-02,6.59E-02,3.96E-02,4.55E-02,7.59E-02,3.35E-02,5.65E-03,1.11E-02,4.53E-02,8.65E-03,1.05E-02
2347,Ca,Ta,O2N,CaTaO2N,4.078,2.2,2.2,0.08,3.98E-02,2.34E-02,7.57E-03,1.32E-02,4.81E-02,-5.19E-02,4.43E-03,3.13E-02,2.81E-02,2.88E-02,5.77E-02,1.85E-02,2.25E-02,2.24E-02,2.60E-02,3.30E-02,5.63E-02,7.16E-02,6.24E-02,2.85E-02,2.37E-02,2.95E-02,4.10E-02,1.34E-02,7.69E-03,2.23E-02,5.58E-02,3.30E-02,4.63E-02,4.88E-02,3.66E-02,3.70E-02,3.70E-02,3.70E-02,3.65E-02,3.75E-02,3.70E-02,3.68E-02,3.74E-02,3.67E-02,3.75E-02,3.60E-02,3.70E-02,3.42E-02,3.62E-02,3.62E-02,3.77E-02,3.64E-02,3.64E-02,3.58E-02,3.08E-02,3.68E-02,3.53E-02,3.08E-02,3.68E-02,4.20E-02,3.34E-02,3.66E-02,3.04E-02,3.61E-02,4.64E-02,8.18E-03,2.90E-02,2.50E-02,3.93E-02,-1.41E-03,3.49E-02,3.80E-02,1.01E-02,4.24E-02,5.26E-03,1.54E-02,3.46E-02,4.33E-02,3.14E-02
13838,Zr,Mg,O3,ZrMgO3,3.858,3.5,3.3,0.56,3.35E-02,6.23E-02,3.18E-02,3.01E-02,2.53E-02,1.66E-02,2.79E-02,3.25E-02,7.17E-03,1.24E-02,6.55E-03,4.55E-02,3.00E-02,4.48E-02,5.20E-02,3.71E-02,1.36E-02,7.48E-03,8.38E-03,3.79E-02,-9.09E-02,4.18E-02,3.98E-02,5.28E-02,5.60E-02,6.05E-02,1.39E-02,2.88E-02,1.85E-02,1.95E-02,3.66E-02,3.70E-02,3.70E-02,3.70E-02,3.65E-02,3.75E-02,3.70E-02,3.68E-02,3.74E-02,3.67E-02,3.75E-02,3.60E-02,3.70E-02,3.42E-02,3.62E-02,3.62E-02,3.77E-02,3.64E-02,3.64E-02,3.58E-02,3.08E-02,3.68E-02,3.53E-02,3.08E-02,3.68E-02,4.20E-02,3.34E-02,3.66E-02,3.04E-02,3.61E-02,3.80E-02,9.53E-03,3.31E-02,2.85E-02,3.01E-02,2.83E-02,3.70E-02,3.56E-02,3.29E-02,3.74E-02,5.42E-02,9.48E-03,3.92E-02,1.73E-02,2.09E-02
13051,B,Hf,O2F,BHfO2F,4.163,3.5,3,1.26,9.16E-03,5.69E-02,1.14E-02,3.57E-03,8.39E-03,8.98E-03,4.56E-02,2.72E-02,5.92E-03,4.57E-02,7.79E-03,4.90E-02,4.60E-02,3.36E-02,3.90E-02,4.28E-02,4.79E-02,5.72E-02,6.15E-02,3.63E-02,0.00E+00,2.77E-02,3.46E-02,1.26E-02,7.69E-03,8.92E-03,3.37E-02,2.86E-02,3.70E-02,3.90E-02,3.66E-02,3.70E-02,3.70E-02,3.70E-02,3.65E-02,3.75E-02,3.70E-02,3.68E-02,3.74E-02,3.67E-02,3.75E-02,3.60E-02,3.70E-02,3.42E-02,3.62E-02,3.62E-02,3.77E-02,3.64E-02,3.64E-02,3.58E-02,3.08E-02,3.68E-02,3.53E-02,3.08E-02,3.68E-02,4.20E-02,3.34E-02,3.66E-02,3.04E-02,3.61E-02,3.61E-02,8.99E-03,3.93E-02,3.39E-02,2.85E-02,6.59E-02,3.96E-02,4.55E-02,7.59E-02,3.35E-02,5.65E-03,1.11E-02,4.53E-02,8.65E-03,1.05E-02
8516,Si,Si,O2S,SiSiO2S,4.049,1.3,0.9,1.16,1.04E-02,3.50E-02,1.14E-02,9.27E-03,2.18E-02,4.45E-02,4.94E-02,4.18E-02,3.27E-03,3.12E-02,4.27E-02,1.09E-01,4.28E-02,4.48E-02,5.20E-02,1.34E-02,2.58E-02,1.00E-02,9.68E-03,3.24E-02,5.28E-02,4.79E-02,4.24E-02,5.54E-03,3.85E-02,5.74E-02,7.78E-02,4.18E-02,3.70E-02,3.90E-02,3.66E-02,3.70E-02,3.70E-02,3.70E-02,3.65E-02,3.75E-02,3.70E-02,3.68E-02,3.74E-02,3.67E-02,3.75E-02,3.60E-02,3.70E-02,3.42E-02,3.62E-02,3.62E-02,3.77E-02,3.64E-02,3.64E-02,3.58E-02,3.08E-02,3.68E-02,3.53E-02,3.08E-02,3.68E-02,4.20E-02,3.34E-02,3.66E-02,3.04E-02,3.61E-02,7.87E-03,7.59E-02,4.80E-02,5.71E-02,4.46E-02,4.03E-02,3.75E-02,2.71E-02,2.95E-03,2.89E-02,5.45E-02,7.39E-02,2.94E-02,5.19E-02,6.27E-02
14320,Y,Bi,O3,YBiO3,4.457,2.1,1,0.88,4.06E-02,4.81E-02,2.18E-02,2.93E-02,3.59E-02,0.00E+00,7.60E-03,3.27E-02,1.42E-02,1.34E-02,4.96E-03,3.72E-02,2.75E-02,3.36E-02,3.90E-02,5.31E-02,1.80E-02,4.19E-02,7.20E-02,5.71E-02,4.35E-02,5.29E-02,3.79E-02,2.85E-02,6.70E-03,3.05E-03,1.71E-02,4.45E-02,4.63E-02,2.93E-02,3.66E-02,3.70E-02,3.70E-02,3.70E-02,3.65E-02,3.75E-02,3.70E-02,3.68E-02,3.74E-02,3.67E-02,3.75E-02,3.60E-02,3.70E-02,3.42E-02,3.62E-02,3.62E-02,3.77E-02,3.64E-02,3.64E-02,3.58E-02,3.08E-02,3.68E-02,3.53E-02,3.08E-02,3.68E-02,4.20E-02,3.34E-02,3.66E-02,3.04E-02,3.61E-02,3.80E-02,9.53E-03,3.31E-02,2.85E-02,3.01E-02,2.83E-02,3.70E-02,3.56E-02,3.29E-02,3.74E-02,5.42E-02,9.48E-03,3.92E-02,1.73E-02,2.09E-02
7272,B,Li,ON2,BLiON2,3.457,1.6,1.6,2.34,9.16E-03,5.69E-02,1.14E-02,3.57E-03,8.39E-03,8.98E-03,4.56E-02,2.72E-02,5.92E-03,4.57E-02,7.79E-03,4.90E-02,4.60E-02,3.36E-02,3.90E-02,3.92E-02,1.59E-02,2.28E-03,2.39E-03,3.50E-02,2.36E-02,6.15E-04,2.80E-02,9.80E-02,1.97E-01,3.28E-02,4.65E-03,2.16E-02,9.26E-03,9.76E-03,3.66E-02,3.70E-02,3.70E-02,3.70E-02,3.65E-02,3.75E-02,3.70E-02,3.68E-02,3.74E-02,3.67E-02,3.75E-02,3.60E-02,3.70E-02,3.42E-02,3.62E-02,4.42E-02,3.23E-02,3.19E-02,3.19E-02,4.67E-02,-1.53E-03,3.47E-02,3.77E-02,9.48E-03,4.16E-02,4.08E-03,5.41E-02,3.23E-02,7.60E-02,5.42E-02,4.64E-02,8.18E-03,2.90E-02,2.50E-02,3.93E-02,-1.41E-03,3.49E-02,3.80E-02,1.01E-02,4.24E-02,5.26E-03,1.54E-02,3.46E-02,4.33E-02,3.14E-02
13238,La,Zn,O2F,LaZnO2F,4.08,3.9,3,0.42,4.62E-02,4.98E-02,3.00E-02,4.58E-02,4.08E-02,1.66E-02,8.23E-03,2.86E-02,6.55E-03,8.46E-03,3.90E-03,2.45E-02,2.48E-02,3.36E-02,3.90E-02,3.81E-02,1.16E-02,3.07E-02,2.25E-02,2.44E-02,0.00E+00,4.24E-02,4.88E-02,6.43E-02,2.13E-02,4.50E-02,1.14E-02,3.63E-02,1.85E-02,1.95E-02,3.66E-02,3.70E-02,3.70E-02,3.70E-02,3.65E-02,3.75E-02,3.70E-02,3.68E-02,3.74E-02,3.67E-02,3.75E-02,3.60E-02,3.70E-02,3.42E-02,3.62E-02,3.62E-02,3.77E-02,3.64E-02,3.64E-02,3.58E-02,3.08E-02,3.68E-02,3.53E-02,3.08E-02,3.68E-02,4.20E-02,3.34E-02,3.66E-02,3.04E-02,3.61E-02,3.61E-02,8.99E-03,3.93E-02,3.39E-02,2.85E-02,6.59E-02,3.96E-02,4.55E-02,7.59E-02,3.35E-02,5.65E-03,1.11E-02,4.53E-02,8.65E-03,1.05E-02
1832,Pb,Ta,O2N,PbTaO2N,4.129,2.1,2,0.2,4.74E-02,2.69E-02,5.54E-02,6.84E-02,3.30E-02,3.66E-02,5.13E-02,3.80E-02,3.63E-02,5.74E-03,1.02E-02,1.03E-02,5.25E-02,4.48E-02,2.60E-02,3.30E-02,5.63E-02,7.16E-02,6.24E-02,2.85E-02,2.37E-02,2.95E-02,4.10E-02,1.34E-02,7.69E-03,2.23E-02,5.58E-02,3.30E-02,4.63E-02,4.88E-02,3.66E-02,3.70E-02,3.70E-02,3.70E-02,3.65E-02,3.75E-02,3.70E-02,3.68E-02,3.74E-02,3.67E-02,3.75E-02,3.60E-02,3.70E-02,3.42E-02,3.62E-02,3.62E-02,3.77E-02,3.64E-02,3.64E-02,3.58E-02,3.08E-02,3.68E-02,3.53E-02,3.08E-02,3.68E-02,4.20E-02,3.34E-02,3.66E-02,3.04E-02,3.61E-02,4.64E-02,8.18E-03,2.90E-02,2.50E-02,3.93E-02,-1.41E-03,3.49E-02,3.80E-02,1.01E-02,4.24E-02,5.26E-03,1.54E-02,3.46E-02,4.33E-02,3.14E-02
410,Al,Ca,O2N,AlCaO2N,4.114,1.2,1,1.62,2.15E-02,3.65E-02,1.32E-02,8.90E-03,1.81E-02,1.50E-02,4.62E-02,3.07E-02,2.91E-02,4.01E-02,6.84E-02,2.32E-02,3.63E-02,3.36E-02,3.90E-02,5.15E-02,1.73E-02,6.66E-03,1.38E-02,7.14E-02,-6.16E-02,4.30E-03,3.18E-02,4.75E-02,3.55E-02,7.75E-02,1.32E-02,2.20E-02,1.85E-02,1.95E-02,3.66E-02,3.70E-02,3.70E-02,3.70E-02,3.65E-02,3.75E-02,3.70E-02,3.68E-02,3.74E-02,3.67E-02,3.75E-02,3.60E-02,3.70E-02,3.42E-02,3.62E-02,3.62E-02,3.77E-02,3.64E-02,3.64E-02,3.58E-02,3.08E-02,3.68E-02,3.53E-02,3.08E-02,3.68E-02,4.20E-02,3.34E-02,3.66E-02,3.04E-02,3.61E-02,4.64E-02,8.18E-03,2.90E-02,2.50E-02,3.93E-02,-1.41E-03,3.49E-02,3.80E-02,1.01E-02,4.24E-02,5.26E-03,1.54E-02,3.46E-02,4.33E-02,3.14E-02
1036,Bi,Sn,O2N,BiSnO2N,4.193,2.3,1.6,0.56,4.10E-02,2.45E-02,4.76E-02,6.90E-02,3.85E-02,3.66E-02,5.45E-02,3.74E-02,1.69E-02,5.43E-03,2.27E-03,2.39E-02,4.55E-02,5.60E-02,3.90E-02,3.66E-02,2.83E-02,3.14E-02,4.09E-02,4.37E-02,4.78E-02,4.92E-02,3.82E-02,4.69E-02,1.25E-02,2.58E-02,1.12E-02,4.31E-02,3.70E-02,3.90E-02,3.66E-02,3.70E-02,3.70E-02,3.70E-02,3.65E-02,3.75E-02,3.70E-02,3.68E-02,3.74E-02,3.67E-02,3.75E-02,3.60E-02,3.70E-02,3.42E-02,3.62E-02,3.62E-02,3.77E-02,3.64E-02,3.64E-02,3.58E-02,3.08E-02,3.68E-02,3.53E-02,3.08E-02,3.68E-02,4.20E-02,3.34E-02,3.66E-02,3.04E-02,3.61E-02,4.64E-02,8.18E-03,2.90E-02,2.50E-02,3.93E-02,-1.41E-03,3.49E-02,3.80E-02,1.01E-02,4.24E-02,5.26E-03,1.54E-02,3.46E-02,4.33E-02,3.14E-02
9934,Sr,Si,O2S,SrSiO2S,4.214,1.7,1.2,0.78,5.02E-02,2.20E-02,1.24E-02,2.89E-02,6.10E-02,-5.59E-02,5.07E-03,2.92E-02,2.83E-02,1.34E-02,1.02E-03,1.78E-02,2.14E-02,2.24E-02,2.60E-02,1.34E-02,2.58E-02,1.00E-02,9.68E-03,3.24E-02,5.28E-02,4.79E-02,4.24E-02,5.54E-03,3.85E-02,5.74E-02,7.78E-02,4.18E-02,3.70E-02,3.90E-02,3.66E-02,3.70E-02,3.70E-02,3.70E-02,3.65E-02,3.75E-02,3.70E-02,3.68E-02,3.74E-02,3.67E-02,3.75E-02,3.60E-02,3.70E-02,3.42E-02,3.62E-02,3.62E-02,3.77E-02,3.64E-02,3.64E-02,3.58E-02,3.08E-02,3.68E-02,3.53E-02,3.08E-02,3.68E-02,4.20E-02,3.34E-02,3.66E-02,3.04E-02,3.61E-02,7.87E-03,7.59E-02,4.80E-02,5.71E-02,4.46E-02,4.03E-02,3.75E-02,2.71E-02,2.95E-03,2.89E-02,5.45E-02,7.39E-02,2.94E-02,5.19E-02,6.27E-02
15963,In,Ta,O3,InTaO3,4.125,1,0.9,-0.16,3.19E-02,3.13E-02,3.57E-02,3.79E-02,2.84E-02,9.65E-03,4.75E-02,2.97E-02,4.04E-02,1.04E-02,2.35E-02,7.07E-03,4.01E-02,3.36E-02,3.90E-02,3.30E-02,5.63E-02,7.16E-02,6.24E-02,2.85E-02,2.37E-02,2.95E-02,4.10E-02,1.34E-02,7.69E-03,2.23E-02,5.58E-02,3.30E-02,4.63E-02,4.88E-02,3.66E-02,3.70E-02,3.70E-02,3.70E-02,3.65E-02,3.75E-02,3.70E-02,3.68E-02,3.74E-02,3.67E-02,3.75E-02,3.60E-02,3.70E-02,3.42E-02,3.62E-02,3.62E-02,3.77E-02,3.64E-02,3.64E-02,3.58E-02,3.08E-02,3.68E-02,3.53E-02,3.08E-02,3.68E-02,4.20E-02,3.34E-02,3.66E-02,3.04E-02,3.61E-02,3.80E-02,9.53E-03,3.31E-02,2.85E-02,3.01E-02,2.83E-02,3.70E-02,3.56E-02,3.29E-02,3.74E-02,5.42E-02,9.48E-03,3.92E-02,1.73E-02,2.09E-02
15714,Ge,Zr,O3,GeZrO3,4.17,4.4,3.7,0.28,2.11E-02,4.14E-02,2.60E-02,2.40E-02,2.42E-02,3.99E-02,5.00E-02,4.05E-02,7.17E-03,1.42E-02,1.73E-02,6.90E-02,4.53E-02,4.48E-02,5.20E-02,4.33E-02,4.60E-02,2.80E-02,3.14E-02,3.75E-02,1.98E-02,2.70E-02,3.30E-02,1.21E-02,1.53E-02,8.80E-03,3.26E-02,2.93E-02,3.70E-02,3.90E-02,3.66E-02,3.70E-02,3.70E-02,3.70E-02,3.65E-02,3.75E-02,3.70E-02,3.68E-02,3.74E-02,3.67E-02,3.75E-02,3.60E-02,3.70E-02,3.42E-02,3.62E-02,3.62E-02,3.77E-02,3.64E-02,3.64E-02,3.58E-02,3.08E-02,3.68E-02,3.53E-02,3.08E-02,3.68E-02,4.20E-02,3.34E-02,3.66E-02,3.04E-02,3.61E-02,3.80E-02,9.53E-03,3.31E-02,2.85E-02,3.01E-02,2.83E-02,3.70E-02,3.56E-02,3.29E-02,3.74E-02,5.42E-02,9.48E-03,3.92E-02,1.73E-02,2.09E-02
13844,Li,Nb,O3,LiNbO3,4.036,4.4,3.7,-0.06,3.03E-02,2.15E-02,2.59E-03,2.29E-03,2.35E-02,1.99E-02,6.33E-04,2.76E-02,5.79E-02,1.59E-01,2.44E-02,6.51E-03,2.21E-02,1.12E-02,1.30E-02,3.30E-02,4.93E-02,3.68E-02,3.20E-02,2.93E-02,3.79E-02,2.89E-02,3.58E-02,1.55E-02,1.46E-02,2.08E-02,4.17E-02,3.52E-02,4.63E-02,4.88E-02,3.66E-02,3.70E-02,3.70E-02,3.70E-02,3.65E-02,3.75E-02,3.70E-02,3.68E-02,3.74E-02,3.67E-02,3.75E-02,3.60E-02,3.70E-02,3.42E-02,3.62E-02,3.62E-02,3.77E-02,3.64E-02,3.64E-02,3.58E-02,3.08E-02,3.68E-02,3.53E-02,3.08E-02,3.68E-02,4.20E-02,3.34E-02,3.66E-02,3.04E-02,3.61E-02,3.80E-02,9.53E-03,3.31E-02,2.85E-02,3.01E-02,2.83E-02,3.70E-02,3.56E-02,3.29E-02,3.74E-02,5.42E-02,9.48E-03,3.92E-02,1.73E-02,2.09E-02
6370,Zr,Ge,ON2,ZrGeON2,3.837,2.4,1.9,0.72,3.35E-02,6.23E-02,3.18E-02,3.01E-02,2.53E-02,1.66E-02,2.79E-02,3.25E-02,7.17E-03,1.24E-02,6.55E-03,4.55E-02,3.00E-02,4.48E-02,5.20E-02,2.73E-02,3.05E-02,2.29E-02,2.50E-02,3.59E-02,4.74E-02,4.86E-02,4.11E-02,1.21E-02,1.76E-02,2.32E-02,4.93E-02,4.43E-02,3.70E-02,3.90E-02,3.66E-02,3.70E-02,3.70E-02,3.70E-02,3.65E-02,3.75E-02,3.70E-02,3.68E-02,3.74E-02,3.67E-02,3.75E-02,3.60E-02,3.70E-02,3.42E-02,3.62E-02,4.42E-02,3.23E-02,3.19E-02,3.19E-02,4.67E-02,-1.53E-03,3.47E-02,3.77E-02,9.48E-03,4.16E-02,4.08E-03,5.41E-02,3.23E-02,7.60E-02,5.42E-02,4.64E-02,8.18E-03,2.90E-02,2.50E-02,3.93E-02,-1.41E-03,3.49E-02,3.80E-02,1.01E-02,4.24E-02,5.26E-03,1.54E-02,3.46E-02,4.33E-02,3.14E-02
1016,Sc,Hf,O2N,ScHfO2N,4.144,2.8,2.2,0.44,2.99E-02,4.14E-02,1.46E-02,1.48E-02,2.71E-02,6.02E-03,6.97E-03,3.35E-02,1.26E-02,2.53E-02,4.56E-03,3.49E-02,3.07E-02,3.36E-02,3.90E-02,4.28E-02,4.79E-02,5.72E-02,6.15E-02,3.63E-02,0.00E+00,2.77E-02,3.46E-02,1.26E-02,7.69E-03,8.92E-03,3.37E-02,2.86E-02,3.70E-02,3.90E-02,3.66E-02,3.70E-02,3.70E-02,3.70E-02,3.65E-02,3.75E-02,3.70E-02,3.68E-02,3.74E-02,3.67E-02,3.75E-02,3.60E-02,3.70E-02,3.42E-02,3.62E-02,3.62E-02,3.77E-02,3.64E-02,3.64E-02,3.58E-02,3.08E-02,3.68E-02,3.53E-02,3.08E-02,3.68E-02,4.20E-02,3.34E-02,3.66E-02,3.04E-02,3.61E-02,4.64E-02,8.18E-03,2.90E-02,2.50E-02,3.93E-02,-1.41E-03,3.49E-02,3.80E-02,1.01E-02,4.24E-02,5.26E-03,1.54E-02,3.46E-02,4.33E-02,3.14E-02
5144,Mg,Ti,OFN,MgTiOFN,3.996,2.5,1.7,0.68,2.87E-02,1.84E-02,8.50E-03,8.02E-03,2.55E-02,-7.65E-02,4.31E-02,3.92E-02,3.12E-02,4.54E-02,4.50E-02,1.94E-02,2.95E-02,2.24E-02,2.60E-02,3.14E-02,3.50E-02,1.95E-02,1.65E-02,2.85E-02,7.90E-03,2.64E-02,3.55E-02,1.83E-02,2.87E-02,8.49E-03,2.88E-02,3.39E-02,3.70E-02,3.90E-02,3.66E-02,3.70E-02,3.70E-02,3.70E-02,3.65E-02,3.75E-02,3.70E-02,3.68E-02,3.74E-02,3.67E-02,3.75E-02,3.60E-02,3.70E-02,3.42E-02,3.62E-02,3.43E-02,3.55E-02,4.32E-02,4.33E-02,3.39E-02,7.17E-02,3.93E-02,4.51E-02,7.11E-02,3.29E-02,4.38E-03,3.91E-02,4.23E-02,1.52E-02,1.81E-02,4.64E-02,8.18E-03,2.90E-02,2.50E-02,3.93E-02,-1.41E-03,3.49E-02,3.80E-02,1.01E-02,4.24E-02,5.26E-03,1.54E-02,3.46E-02,4.33E-02,3.14E-02
8875,Y,In,O2S,YInO2S,4.434,2.6,2.2,0.82,4.06E-02,4.81E-02,2.18E-02,2.93E-02,3.59E-02,0.00E+00,7.60E-03,3.27E-02,1.42E-02,1.34E-02,4.96E-03,3.72E-02,2.75E-02,3.36E-02,3.90E-02,4.12E-02,2.31E-02,3.14E-02,3.96E-02,4.22E-02,1.15E-02,4.61E-02,3.01E-02,6.84E-02,1.28E-02,3.16E-02,5.05E-03,3.92E-02,2.78E-02,2.93E-02,3.66E-02,3.70E-02,3.70E-02,3.70E-02,3.65E-02,3.75E-02,3.70E-02,3.68E-02,3.74E-02,3.67E-02,3.75E-02,3.60E-02,3.70E-02,3.42E-02,3.62E-02,3.62E-02,3.77E-02,3.64E-02,3.64E-02,3.58E-02,3.08E-02,3.68E-02,3.53E-02,3.08E-02,3.68E-02,4.20E-02,3.34E-02,3.66E-02,3.04E-02,3.61E-02,7.87E-03,7.59E-02,4.80E-02,5.71E-02,4.46E-02,4.03E-02,3.75E-02,2.71E-02,2.95E-03,2.89E-02,5.45E-02,7.39E-02,2.94E-02,5.19E-02,6.27E-02
14799,Mg,Si,O3,MgSiO3,3.549,7.9,6.9,0.28,2.87E-02,1.84E-02,8.50E-03,8.02E-03,2.55E-02,-7.65E-02,4.31E-02,3.92E-02,3.12E-02,4.54E-02,4.50E-02,1.94E-02,2.95E-02,2.24E-02,2.60E-02,1.34E-02,2.58E-02,1.00E-02,9.68E-03,3.24E-02,5.28E-02,4.79E-02,4.24E-02,5.54E-03,3.85E-02,5.74E-02,7.78E-02,4.18E-02,3.70E-02,3.90E-02,3.66E-02,3.70E-02,3.70E-02,3.70E-02,3.65E-02,3.75E-02,3.70E-02,3.68E-02,3.74E-02,3.67E-02,3.75E-02,3.60E-02,3.70E-02,3.42E-02,3.62E-02,3.62E-02,3.77E-02,3.64E-02,3.64E-02,3.58E-02,3.08E-02,3.68E-02,3.53E-02,3.08E-02,3.68E-02,4.20E-02,3.34E-02,3.66E-02,3.04E-02,3.61E-02,3.80E-02,9.53E-03,3.31E-02,2.85E-02,3.01E-02,2.83E-02,3.70E-02,3.56E-02,3.29E-02,3.74E-02,5.42E-02,9.48E-03,3.92E-02,1.73E-02,2.09E-02
5542,Ga,Na,ON2,GaNaON2,4.022,0.8,0.7,2,2.47E-02,3.30E-02,2.89E-02,2.30E-02,2.14E-02,9.65E-03,4.69E-02,3.08E-02,2.48E-02,1.65E-02,1.17E-02,1.21E-02,4.08E-02,3.36E-02,3.90E-02,5.26E-02,1.14E-02,4.17E-03,7.93E-03,6.43E-02,2.08E-02,1.23E-03,2.67E-02,1.51E-01,6.76E-02,5.47E-02,4.03E-03,2.05E-02,9.26E-03,9.76E-03,3.66E-02,3.70E-02,3.70E-02,3.70E-02,3.65E-02,3.75E-02,3.70E-02,3.68E-02,3.74E-02,3.67E-02,3.75E-02,3.60E-02,3.70E-02,3.42E-02,3.62E-02,4.42E-02,3.23E-02,3.19E-02,3.19E-02,4.67E-02,-1.53E-03,3.47E-02,3.77E-02,9.48E-03,4.16E-02,4.08E-03,5.41E-02,3.23E-02,7.60E-02,5.42E-02,4.64E-02,8.18E-03,2.90E-02,2.50E-02,3.93E-02,-1.41E-03,3.49E-02,3.80E-02,1.01E-02,4.24E-02,5.26E-03,1.54E-02,3.46E-02,4.33E-02,3.14E-02
3401,Bi,In,OFN,BiInOFN,4.325,0.9,0.4,0.74,4.10E-02,2.45E-02,4.76E-02,6.90E-02,3.85E-02,3.66E-02,5.45E-02,3.74E-02,1.69E-02,5.43E-03,2.27E-03,2.39E-02,4.55E-02,5.60E-02,3.90E-02,4.12E-02,2.31E-02,3.14E-02,3.96E-02,4.22E-02,1.15E-02,4.61E-02,3.01E-02,6.84E-02,1.28E-02,3.16E-02,5.05E-03,3.92E-02,2.78E-02,2.93E-02,3.66E-02,3.70E-02,3.70E-02,3.70E-02,3.65E-02,3.75E-02,3.70E-02,3.68E-02,3.74E-02,3.67E-02,3.75E-02,3.60E-02,3.70E-02,3.42E-02,3.62E-02,3.43E-02,3.55E-02,4.32E-02,4.33E-02,3.39E-02,7.17E-02,3.93E-02,4.51E-02,7.11E-02,3.29E-02,4.38E-03,3.91E-02,4.23E-02,1.52E-02,1.81E-02,4.64E-02,8.18E-03,2.90E-02,2.50E-02,3.93E-02,-1.41E-03,3.49E-02,3.80E-02,1.01E-02,4.24E-02,5.26E-03,1.54E-02,3.46E-02,4.33E-02,3.14E-02
14599,Na,V,O3,NaVO3,3.832,1.7,1,0.1,4.06E-02,1.54E-02,4.74E-03,7.59E-03,4.33E-02,1.75E-02,1.27E-03,2.63E-02,8.94E-02,5.47E-02,4.07E-02,5.64E-03,2.10E-02,1.12E-02,1.30E-02,2.78E-02,3.59E-02,2.63E-02,1.76E-02,2.23E-02,1.98E-02,2.83E-02,3.50E-02,1.79E-02,2.69E-02,1.19E-02,3.53E-02,3.59E-02,4.63E-02,4.88E-02,3.66E-02,3.70E-02,3.70E-02,3.70E-02,3.65E-02,3.75E-02,3.70E-02,3.68E-02,3.74E-02,3.67E-02,3.75E-02,3.60E-02,3.70E-02,3.42E-02,3.62E-02,3.62E-02,3.77E-02,3.64E-02,3.64E-02,3.58E-02,3.08E-02,3.68E-02,3.53E-02,3.08E-02,3.68E-02,4.20E-02,3.34E-02,3.66E-02,3.04E-02,3.61E-02,3.80E-02,9.53E-03,3.31E-02,2.85E-02,3.01E-02,2.83E-02,3.70E-02,3.56E-02,3.29E-02,3.74E-02,5.42E-02,9.48E-03,3.92E-02,1.73E-02,2.09E-02
10190,Mg,Mg,O2S,MgMgO2S,4.133,1.8,1.3,0.82,2.87E-02,1.84E-02,8.50E-03,8.02E-03,2.55E-02,-7.65E-02,4.31E-02,3.92E-02,3.12E-02,4.54E-02,4.50E-02,1.94E-02,2.95E-02,2.24E-02,2.60E-02,3.71E-02,1.36E-02,7.48E-03,8.38E-03,3.79E-02,-9.09E-02,4.18E-02,3.98E-02,5.28E-02,5.60E-02,6.05E-02,1.39E-02,2.88E-02,1.85E-02,1.95E-02,3.66E-02,3.70E-02,3.70E-02,3.70E-02,3.65E-02,3.75E-02,3.70E-02,3.68E-02,3.74E-02,3.67E-02,3.75E-02,3.60E-02,3.70E-02,3.42E-02,3.62E-02,3.62E-02,3.77E-02,3.64E-02,3.64E-02,3.58E-02,3.08E-02,3.68E-02,3.53E-02,3.08E-02,3.68E-02,4.20E-02,3.34E-02,3.66E-02,3.04E-02,3.61E-02,7.87E-03,7.59E-02,4.80E-02,5.71E-02,4.46E-02,4.03E-02,3.75E-02,2.71E-02,2.95E-03,2.89E-02,5.45E-02,7.39E-02,2.94E-02,5.19E-02,6.27E-02
1979,Sb,Zr,O2N,SbZrO2N,4.211,1.3,0.8,0.54,3.03E-02,2.48E-02,3.27E-02,4.02E-02,3.29E-02,3.36E-02,5.38E-02,4.43E-02,1.38E-02,9.21E-03,7.01E-03,4.30E-02,4.62E-02,5.60E-02,3.90E-02,4.33E-02,4.60E-02,2.80E-02,3.14E-02,3.75E-02,1.98E-02,2.70E-02,3.30E-02,1.21E-02,1.53E-02,8.80E-03,3.26E-02,2.93E-02,3.70E-02,3.90E-02,3.66E-02,3.70E-02,3.70E-02,3.70E-02,3.65E-02,3.75E-02,3.70E-02,3.68E-02,3.74E-02,3.67E-02,3.75E-02,3.60E-02,3.70E-02,3.42E-02,3.62E-02,3.62E-02,3.77E-02,3.64E-02,3.64E-02,3.58E-02,3.08E-02,3.68E-02,3.53E-02,3.08E-02,3.68E-02,4.20E-02,3.34E-02,3.66E-02,3.04E-02,3.61E-02,4.64E-02,8.18E-03,2.90E-02,2.50E-02,3.93E-02,-1.41E-03,3.49E-02,3.80E-02,1.01E-02,4.24E-02,5.26E-03,1.54E-02,3.46E-02,4.33E-02,3.14E-02
15314,Sn,Te,O3,SnTeO3,4.331,2.5,2.3,0.66,2.83E-02,3.83E-02,3.57E-02,3.92E-02,2.94E-02,4.03E-02,5.07E-02,3.77E-02,2.77E-02,1.01E-02,1.92E-02,1.56E-02,4.42E-02,4.48E-02,5.20E-02,5.00E-02,1.24E-02,2.68E-02,4.40E-02,5.49E-02,7.51E-02,5.53E-02,4.68E-02,4.00E-02,1.11E-02,9.11E-04,2.71E-02,4.62E-02,5.55E-02,3.90E-02,3.66E-02,3.70E-02,3.70E-02,3.70E-02,3.65E-02,3.75E-02,3.70E-02,3.68E-02,3.74E-02,3.67E-02,3.75E-02,3.60E-02,3.70E-02,3.42E-02,3.62E-02,3.62E-02,3.77E-02,3.64E-02,3.64E-02,3.58E-02,3.08E-02,3.68E-02,3.53E-02,3.08E-02,3.68E-02,4.20E-02,3.34E-02,3.66E-02,3.04E-02,3.61E-02,3.80E-02,9.53E-03,3.31E-02,2.85E-02,3.01E-02,2.83E-02,3.70E-02,3.56E-02,3.29E-02,3.74E-02,5.42E-02,9.48E-03,3.92E-02,1.73E-02,2.09E-02
10331,Zn,Zr,O2S,ZnZrO2S,4.557,1.9,1.4,0.68,2.95E-02,1.57E-02,3.48E-02,2.16E-02,1.65E-02,0.00E+00,4.37E-02,4.82E-02,3.80E-02,1.73E-02,3.35E-02,1.60E-02,3.72E-02,2.24E-02,2.60E-02,4.33E-02,4.60E-02,2.80E-02,3.14E-02,3.75E-02,1.98E-02,2.70E-02,3.30E-02,1.21E-02,1.53E-02,8.80E-03,3.26E-02,2.93E-02,3.70E-02,3.90E-02,3.66E-02,3.70E-02,3.70E-02,3.70E-02,3.65E-02,3.75E-02,3.70E-02,3.68E-02,3.74E-02,3.67E-02,3.75E-02,3.60E-02,3.70E-02,3.42E-02,3.62E-02,3.62E-02,3.77E-02,3.64E-02,3.64E-02,3.58E-02,3.08E-02,3.68E-02,3.53E-02,3.08E-02,3.68E-02,4.20E-02,3.34E-02,3.66E-02,3.04E-02,3.61E-02,7.87E-03,7.59E-02,4.80E-02,5.71E-02,4.46E-02,4.03E-02,3.75E-02,2.71E-02,2.95E-03,2.89E-02,5.45E-02,7.39E-02,2.94E-02,5.19E-02,6.27E-02
8193,Pt,Sn,O2S,PtSnO2S,4.466,0.5,0.2,0.94,2.51E-02,5.46E-02,1.05E-01,6.44E-02,1.65E-02,6.83E-02,3.99E-02,4.61E-02,1.11E-02,5.79E-03,2.07E-02,4.26E-02,5.14E-02,4.48E-02,5.20E-02,3.66E-02,2.83E-02,3.14E-02,4.09E-02,4.37E-02,4.78E-02,4.92E-02,3.82E-02,4.69E-02,1.25E-02,2.58E-02,1.12E-02,4.31E-02,3.70E-02,3.90E-02,3.66E-02,3.70E-02,3.70E-02,3.70E-02,3.65E-02,3.75E-02,3.70E-02,3.68E-02,3.74E-02,3.67E-02,3.75E-02,3.60E-02,3.70E-02,3.42E-02,3.62E-02,3.62E-02,3.77E-02,3.64E-02,3.64E-02,3.58E-02,3.08E-02,3.68E-02,3.53E-02,3.08E-02,3.68E-02,4.20E-02,3.34E-02,3.66E-02,3.04E-02,3.61E-02,7.87E-03,7.59E-02,4.80E-02,5.71E-02,4.46E-02,4.03E-02,3.75E-02,2.71E-02,2.95E-03,2.89E-02,5.45E-02,7.39E-02,2.94E-02,5.19E-02,6.27E-02
8240,La,Sc,O2S,LaScO2S,4.467,4,3.4,0.46,4.62E-02,4.98E-02,3.00E-02,4.58E-02,4.08E-02,1.66E-02,8.23E-03,2.86E-02,6.55E-03,8.46E-03,3.90E-03,2.45E-02,2.48E-02,3.36E-02,3.90E-02,3.86E-02,3.05E-02,1.29E-02,1.55E-02,4.03E-02,7.15E-03,6.76E-03,3.40E-02,2.13E-02,3.12E-02,6.12E-03,2.50E-02,2.99E-02,2.78E-02,2.93E-02,3.66E-02,3.70E-02,3.70E-02,3.70E-02,3.65E-02,3.75E-02,3.70E-02,3.68E-02,3.74E-02,3.67E-02,3.75E-02,3.60E-02,3.70E-02,3.42E-02,3.62E-02,3.62E-02,3.77E-02,3.64E-02,3.64E-02,3.58E-02,3.08E-02,3.68E-02,3.53E-02,3.08E-02,3.68E-02,4.20E-02,3.34E-02,3.66E-02,3.04E-02,3.61E-02,7.87E-03,7.59E-02,4.80E-02,5.71E-02,4.46E-02,4.03E-02,3.75E-02,2.71E-02,2.95E-03,2.89E-02,5.45E-02,7.39E-02,2.94E-02,5.19E-02,6.27E-02
10032,Ba,Ti,O2S,BaTiO2S,4.477,2.6,2.2,0.28,5.66E-02,2.77E-02,1.75E-02,4.53E-02,6.85E-02,-1.73E-02,5.70E-03,2.67E-02,2.59E-02,9.08E-03,5.31E-03,1.74E-02,2.01E-02,2.24E-02,2.60E-02,3.14E-02,3.50E-02,1.95E-02,1.65E-02,2.85E-02,7.90E-03,2.64E-02,3.55E-02,1.83E-02,2.87E-02,8.49E-03,2.88E-02,3.39E-02,3.70E-02,3.90E-02,3.66E-02,3.70E-02,3.70E-02,3.70E-02,3.65E-02,3.75E-02,3.70E-02,3.68E-02,3.74E-02,3.67E-02,3.75E-02,3.60E-02,3.70E-02,3.42E-02,3.62E-02,3.62E-02,3.77E-02,3.64E-02,3.64E-02,3.58E-02,3.08E-02,3.68E-02,3.53E-02,3.08E-02,3.68E-02,4.20E-02,3.34E-02,3.66E-02,3.04E-02,3.61E-02,7.87E-03,7.59E-02,4.80E-02,5.71E-02,4.46E-02,4.03E-02,3.75E-02,2.71E-02,2.95E-03,2.89E-02,5.45E-02,7.39E-02,2.94E-02,5.19E-02,6.27E-02
8789,B,B,O2S,BBO2S,3.713,0.2,0.2,1.74,9.16E-03,5.69E-02,1.14E-02,3.57E-03,8.39E-03,8.98E-03,4.56E-02,2.72E-02,5.92E-03,4.57E-02,7.79E-03,4.90E-02,4.60E-02,3.36E-02,3.90E-02,1.19E-02,4.20E-02,1.01E-02,3.73E-03,1.25E-02,1.07E-02,4.43E-02,2.75E-02,1.00E-02,5.64E-02,1.05E-02,3.50E-02,4.49E-02,2.78E-02,2.93E-02,3.66E-02,3.70E-02,3.70E-02,3.70E-02,3.65E-02,3.75E-02,3.70E-02,3.68E-02,3.74E-02,3.67E-02,3.75E-02,3.60E-02,3.70E-02,3.42E-02,3.62E-02,3.62E-02,3.77E-02,3.64E-02,3.64E-02,3.58E-02,3.08E-02,3.68E-02,3.53E-02,3.08E-02,3.68E-02,4.20E-02,3.34E-02,3.66E-02,3.04E-02,3.61E-02,7.87E-03,7.59E-02,4.80E-02,5.71E-02,4.46E-02,4.03E-02,3.75E-02,2.71E-02,2.95E-03,2.89E-02,5.45E-02,7.39E-02,2.94E-02,5.19E-02,6.27E-02
4413,Cu,Nb,OFN,CuNbOFN,4.153,1.7,1.1,0.46,2.91E-02,3.78E-02,4.38E-02,2.09E-02,1.29E-02,3.94E-02,4.05E-02,3.96E-02,2.08E-02,1.71E-02,1.16E-01,2.85E-02,4.28E-02,2.24E-02,2.60E-02,3.30E-02,4.93E-02,3.68E-02,3.20E-02,2.93E-02,3.79E-02,2.89E-02,3.58E-02,1.55E-02,1.46E-02,2.08E-02,4.17E-02,3.52E-02,4.63E-02,4.88E-02,3.66E-02,3.70E-02,3.70E-02,3.70E-02,3.65E-02,3.75E-02,3.70E-02,3.68E-02,3.74E-02,3.67E-02,3.75E-02,3.60E-02,3.70E-02,3.42E-02,3.62E-02,3.43E-02,3.55E-02,4.32E-02,4.33E-02,3.39E-02,7.17E-02,3.93E-02,4.51E-02,7.11E-02,3.29E-02,4.38E-03,3.91E-02,4.23E-02,1.52E-02,1.81E-02,4.64E-02,8.18E-03,2.90E-02,2.50E-02,3.93E-02,-1.41E-03,3.49E-02,3.80E-02,1.01E-02,4.24E-02,5.26E-03,1.54E-02,3.46E-02,4.33E-02,3.14E-02
9728,Pb,Si,O2S,PbSiO2S,4.215,1.9,0.8,0.9,4.74E-02,2.69E-02,5.54E-02,6.84E-02,3.30E-02,3.66E-02,5.13E-02,3.80E-02,3.63E-02,5.74E-03,1.02E-02,1.03E-02,5.25E-02,4.48E-02,2.60E-02,1.34E-02,2.58E-02,1.00E-02,9.68E-03,3.24E-02,5.28E-02,4.79E-02,4.24E-02,5.54E-03,3.85E-02,5.74E-02,7.78E-02,4.18E-02,3.70E-02,3.90E-02,3.66E-02,3.70E-02,3.70E-02,3.70E-02,3.65E-02,3.75E-02,3.70E-02,3.68E-02,3.74E-02,3.67E-02,3.75E-02,3.60E-02,3.70E-02,3.42E-02,3.62E-02,3.62E-02,3.77E-02,3.64E-02,3.64E-02,3.58E-02,3.08E-02,3.68E-02,3.53E-02,3.08E-02,3.68E-02,4.20E-02,3.34E-02,3.66E-02,3.04E-02,3.61E-02,7.87E-03,7.59E-02,4.80E-02,5.71E-02,4.46E-02,4.03E-02,3.75E-02,2.71E-02,2.95E-03,2.89E-02,5.45E-02,7.39E-02,2.94E-02,5.19E-02,6.27E-02
14920,Ge,Pb,O3,GePbO3,4.295,0.2,0.2,0.98,2.11E-02,4.14E-02,2.60E-02,2.40E-02,2.42E-02,3.99E-02,5.00E-02,4.05E-02,7.17E-03,1.42E-02,1.73E-02,6.90E-02,4.53E-02,4.48E-02,5.20E-02,6.13E-02,1.99E-02,4.88E-02,7.14E-02,4.90E-02,4.35E-02,4.98E-02,3.86E-02,6.13E-02,7.09E-03,1.37E-02,7.40E-03,5.13E-02,3.70E-02,1.95E-02,3.66E-02,3.70E-02,3.70E-02,3.70E-02,3.65E-02,3.75E-02,3.70E-02,3.68E-02,3.74E-02,3.67E-02,3.75E-02,3.60E-02,3.70E-02,3.42E-02,3.62E-02,3.62E-02,3.77E-02,3.64E-02,3.64E-02,3.58E-02,3.08E-02,3.68E-02,3.53E-02,3.08E-02,3.68E-02,4.20E-02,3.34E-02,3.66E-02,3.04E-02,3.61E-02,3.80E-02,9.53E-03,3.31E-02,2.85E-02,3.01E-02,2.83E-02,3.70E-02,3.56E-02,3.29E-02,3.74E-02,5.42E-02,9.48E-03,3.92E-02,1.73E-02,2.09E-02
16100,Mg,Ge,O3,MgGeO3,3.738,3.9,2.9,0.34,2.87E-02,1.84E-02,8.50E-03,8.02E-03,2.55E-02,-7.65E-02,4.31E-02,3.92E-02,3.12E-02,4.54E-02,4.50E-02,1.94E-02,2.95E-02,2.24E-02,2.60E-02,2.73E-02,3.05E-02,2.29E-02,2.50E-02,3.59E-02,4.74E-02,4.86E-02,4.11E-02,1.21E-02,1.76E-02,2.32E-02,4.93E-02,4.43E-02,3.70E-02,3.90E-02,3.66E-02,3.70E-02,3.70E-02,3.70E-02,3.65E-02,3.75E-02,3.70E-02,3.68E-02,3.74E-02,3.67E-02,3.75E-02,3.60E-02,3.70E-02,3.42E-02,3.62E-02,3.62E-02,3.77E-02,3.64E-02,3.64E-02,3.58E-02,3.08E-02,3.68E-02,3.53E-02,3.08E-02,3.68E-02,4.20E-02,3.34E-02,3.66E-02,3.04E-02,3.61E-02,3.80E-02,9.53E-03,3.31E-02,2.85E-02,3.01E-02,2.83E-02,3.70E-02,3.56E-02,3.29E-02,3.74E-02,5.42E-02,9.48E-03,3.92E-02,1.73E-02,2.09E-02
2705,Pb,Hf,OFN,PbHfOFN,4.269,1.8,1.3,0.42,4.74E-02,2.69E-02,5.54E-02,6.84E-02,3.30E-02,3.66E-02,5.13E-02,3.80E-02,3.63E-02,5.74E-03,1.02E-02,1.03E-02,5.25E-02,4.48E-02,2.60E-02,4.28E-02,4.79E-02,5.72E-02,6.15E-02,3.63E-02,0.00E+00,2.77E-02,3.46E-02,1.26E-02,7.69E-03,8.92E-03,3.37E-02,2.86E-02,3.70E-02,3.90E-02,3.66E-02,3.70E-02,3.70E-02,3.70E-02,3.65E-02,3.75E-02,3.70E-02,3.68E-02,3.74E-02,3.67E-02,3.75E-02,3.60E-02,3.70E-02,3.42E-02,3.62E-02,3.43E-02,3.55E-02,4.32E-02,4.33E-02,3.39E-02,7.17E-02,3.93E-02,4.51E-02,7.11E-02,3.29E-02,4.38E-03,3.91E-02,4.23E-02,1.52E-02,1.81E-02,4.64E-02,8.18E-03,2.90E-02,2.50E-02,3.93E-02,-1.41E-03,3.49E-02,3.80E-02,1.01E-02,4.24E-02,5.26E-03,1.54E-02,3.46E-02,4.33E-02,3.14E-02
7461,Ga,Ta,ON2,GaTaON2,4.123,1.2,0.6,0.5,2.47E-02,3.30E-02,2.89E-02,2.30E-02,2.14E-02,9.65E-03,4.69E-02,3.08E-02,2.48E-02,1.65E-02,1.17E-02,1.21E-02,4.08E-02,3.36E-02,3.90E-02,3.30E-02,5.63E-02,7.16E-02,6.24E-02,2.85E-02,2.37E-02,2.95E-02,4.10E-02,1.34E-02,7.69E-03,2.23E-02,5.58E-02,3.30E-02,4.63E-02,4.88E-02,3.66E-02,3.70E-02,3.70E-02,3.70E-02,3.65E-02,3.75E-02,3.70E-02,3.68E-02,3.74E-02,3.67E-02,3.75E-02,3.60E-02,3.70E-02,3.42E-02,3.62E-02,4.42E-02,3.23E-02,3.19E-02,3.19E-02,4.67E-02,-1.53E-03,3.47E-02,3.77E-02,9.48E-03,4.16E-02,4.08E-03,5.41E-02,3.23E-02,7.60E-02,5.42E-02,4.64E-02,8.18E-03,2.90E-02,2.50E-02,3.93E-02,-1.41E-03,3.49E-02,3.80E-02,1.01E-02,4.24E-02,5.26E-03,1.54E-02,3.46E-02,4.33E-02,3.14E-02
2773,Si,Ti,OFN,SiTiOFN,4,1.7,1,0.98,1.04E-02,3.50E-02,1.14E-02,9.27E-03,2.18E-02,4.45E-02,4.94E-02,4.18E-02,3.27E-03,3.12E-02,4.27E-02,1.09E-01,4.28E-02,4.48E-02,5.20E-02,3.14E-02,3.50E-02,1.95E-02,1.65E-02,2.85E-02,7.90E-03,2.64E-02,3.55E-02,1.83E-02,2.87E-02,8.49E-03,2.88E-02,3.39E-02,3.70E-02,3.90E-02,3.66E-02,3.70E-02,3.70E-02,3.70E-02,3.65E-02,3.75E-02,3.70E-02,3.68E-02,3.74E-02,3.67E-02,3.75E-02,3.60E-02,3.70E-02,3.42E-02,3.62E-02,3.43E-02,3.55E-02,4.32E-02,4.33E-02,3.39E-02,7.17E-02,3.93E-02,4.51E-02,7.11E-02,3.29E-02,4.38E-03,3.91E-02,4.23E-02,1.52E-02,1.81E-02,4.64E-02,8.18E-03,2.90E-02,2.50E-02,3.93E-02,-1.41E-03,3.49E-02,3.80E-02,1.01E-02,4.24E-02,5.26E-03,1.54E-02,3.46E-02,4.33E-02,3.14E-02
2633,Sr,Nb,O2N,SrNbO2N,4.126,1.4,1.4,-0.06,5.02E-02,2.20E-02,1.24E-02,2.89E-02,6.10E-02,-5.59E-02,5.07E-03,2.92E-02,2.83E-02,1.34E-02,1.02E-03,1.78E-02,2.14E-02,2.24E-02,2.60E-02,3.30E-02,4.93E-02,3.68E-02,3.20E-02,2.93E-02,3.79E-02,2.89E-02,3.58E-02,1.55E-02,1.46E-02,2.08E-02,4.17E-02,3.52E-02,4.63E-02,4.88E-02,3.66E-02,3.70E-02,3.70E-02,3.70E-02,3.65E-02,3.75E-02,3.70E-02,3.68E-02,3.74E-02,3.67E-02,3.75E-02,3.60E-02,3.70E-02,3.42E-02,3.62E-02,3.62E-02,3.77E-02,3.64E-02,3.64E-02,3.58E-02,3.08E-02,3.68E-02,3.53E-02,3.08E-02,3.68E-02,4.20E-02,3.34E-02,3.66E-02,3.04E-02,3.61E-02,4.64E-02,8.18E-03,2.90E-02,2.50E-02,3.93E-02,-1.41E-03,3.49E-02,3.80E-02,1.01E-02,4.24E-02,5.26E-03,1.54E-02,3.46E-02,4.33E-02,3.14E-02
1907,K,Cr,O2N,KCrO2N,3.852,0.2,0.2,0.44,6.01E-02,1.38E-02,4.20E-03,1.29E-02,8.24E-02,1.61E-02,1.90E-03,2.23E-02,1.03E-01,3.37E-02,2.96E-02,5.05E-03,1.85E-02,1.12E-02,1.30E-02,3.19E-02,2.89E-02,3.09E-02,1.79E-02,1.94E-02,2.53E-02,3.01E-02,3.52E-02,1.04E-02,2.47E-02,3.63E-02,3.10E-02,3.65E-02,5.55E-02,2.93E-02,3.66E-02,3.70E-02,3.70E-02,3.70E-02,3.65E-02,3.75E-02,3.70E-02,3.68E-02,3.74E-02,3.67E-02,3.75E-02,3.60E-02,3.70E-02,3.42E-02,3.62E-02,3.62E-02,3.77E-02,3.64E-02,3.64E-02,3.58E-02,3.08E-02,3.68E-02,3.53E-02,3.08E-02,3.68E-02,4.20E-02,3.34E-02,3.66E-02,3.04E-02,3.61E-02,4.64E-02,8.18E-03,2.90E-02,2.50E-02,3.93E-02,-1.41E-03,3.49E-02,3.80E-02,1.01E-02,4.24E-02,5.26E-03,1.54E-02,3.46E-02,4.33E-02,3.14E-02
4338,Y,Ga,OFN,YGaOFN,3.963,2.3,2,0.76,4.06E-02,4.81E-02,2.18E-02,2.93E-02,3.59E-02,0.00E+00,7.60E-03,3.27E-02,1.42E-02,1.34E-02,4.96E-03,3.72E-02,2.75E-02,3.36E-02,3.90E-02,3.19E-02,2.43E-02,2.54E-02,2.40E-02,3.17E-02,1.15E-02,4.55E-02,3.12E-02,4.20E-02,2.04E-02,1.57E-02,8.67E-03,3.98E-02,2.78E-02,2.93E-02,3.66E-02,3.70E-02,3.70E-02,3.70E-02,3.65E-02,3.75E-02,3.70E-02,3.68E-02,3.74E-02,3.67E-02,3.75E-02,3.60E-02,3.70E-02,3.42E-02,3.62E-02,3.43E-02,3.55E-02,4.32E-02,4.33E-02,3.39E-02,7.17E-02,3.93E-02,4.51E-02,7.11E-02,3.29E-02,4.38E-03,3.91E-02,4.23E-02,1.52E-02,1.81E-02,4.64E-02,8.18E-03,2.90E-02,2.50E-02,3.93E-02,-1.41E-03,3.49E-02,3.80E-02,1.01E-02,4.24E-02,5.26E-03,1.54E-02,3.46E-02,4.33E-02,3.14E-02
8899,Bi,Al,O2S,BiAlO2S,4.227,2.5,1.8,0.76,4.10E-02,2.45E-02,4.76E-02,6.90E-02,3.85E-02,3.66E-02,5.45E-02,3.74E-02,1.69E-02,5.43E-03,2.27E-03,2.39E-02,4.55E-02,5.60E-02,3.90E-02,2.78E-02,2.69E-02,1.16E-02,9.30E-03,2.69E-02,1.78E-02,4.49E-02,3.11E-02,4.92E-02,4.94E-02,9.19E-02,1.66E-02,3.54E-02,2.78E-02,2.93E-02,3.66E-02,3.70E-02,3.70E-02,3.70E-02,3.65E-02,3.75E-02,3.70E-02,3.68E-02,3.74E-02,3.67E-02,3.75E-02,3.60E-02,3.70E-02,3.42E-02,3.62E-02,3.62E-02,3.77E-02,3.64E-02,3.64E-02,3.58E-02,3.08E-02,3.68E-02,3.53E-02,3.08E-02,3.68E-02,4.20E-02,3.34E-02,3.66E-02,3.04E-02,3.61E-02,7.87E-03,7.59E-02,4.80E-02,5.71E-02,4.46E-02,4.03E-02,3.75E-02,2.71E-02,2.95E-03,2.89E-02,5.45E-02,7.39E-02,2.94E-02,5.19E-02,6.27E-02
6476,Te,W,ON2,TeWON2,4.055,0.2,0.2,0.94,3.86E-02,1.68E-02,3.05E-02,4.21E-02,3.70E-02,6.33E-02,5.70E-02,4.62E-02,2.37E-02,8.99E-03,6.78E-04,3.79E-02,4.73E-02,6.72E-02,5.20E-02,3.09E-02,5.72E-02,8.30E-02,6.34E-02,2.56E-02,2.37E-02,3.13E-02,4.15E-02,9.59E-03,7.14E-03,6.74E-02,5.49E-02,5.20E-02,5.55E-02,5.85E-02,3.66E-02,3.70E-02,3.70E-02,3.70E-02,3.65E-02,3.75E-02,3.70E-02,3.68E-02,3.74E-02,3.67E-02,3.75E-02,3.60E-02,3.70E-02,3.42E-02,3.62E-02,4.42E-02,3.23E-02,3.19E-02,3.19E-02,4.67E-02,-1.53E-03,3.47E-02,3.77E-02,9.48E-03,4.16E-02,4.08E-03,5.41E-02,3.23E-02,7.60E-02,5.42E-02,4.64E-02,8.18E-03,2.90E-02,2.50E-02,3.93E-02,-1.41E-03,3.49E-02,3.80E-02,1.01E-02,4.24E-02,5.26E-03,1.54E-02,3.46E-02,4.33E-02,3.14E-02
14607,Sr,Si,O3,SrSiO3,3.715,5.8,5.4,0.1,5.02E-02,2.20E-02,1.24E-02,2.89E-02,6.10E-02,-5.59E-02,5.07E-03,2.92E-02,2.83E-02,1.34E-02,1.02E-03,1.78E-02,2.14E-02,2.24E-02,2.60E-02,1.34E-02,2.58E-02,1.00E-02,9.68E-03,3.24E-02,5.28E-02,4.79E-02,4.24E-02,5.54E-03,3.85E-02,5.74E-02,7.78E-02,4.18E-02,3.70E-02,3.90E-02,3.66E-02,3.70E-02,3.70E-02,3.70E-02,3.65E-02,3.75E-02,3.70E-02,3.68E-02,3.74E-02,3.67E-02,3.75E-02,3.60E-02,3.70E-02,3.42E-02,3.62E-02,3.62E-02,3.77E-02,3.64E-02,3.64E-02,3.58E-02,3.08E-02,3.68E-02,3.53E-02,3.08E-02,3.68E-02,4.20E-02,3.34E-02,3.66E-02,3.04E-02,3.61E-02,3.80E-02,9.53E-03,3.31E-02,2.85E-02,3.01E-02,2.83E-02,3.70E-02,3.56E-02,3.29E-02,3.74E-02,5.42E-02,9.48E-03,3.92E-02,1.73E-02,2.09E-02
1724,Zr,B,O2N,ZrBO2N,3.49,3.2,2.4,0.96,3.35E-02,6.23E-02,3.18E-02,3.01E-02,2.53E-02,1.66E-02,2.79E-02,3.25E-02,7.17E-03,1.24E-02,6.55E-03,4.55E-02,3.00E-02,4.48E-02,5.20E-02,1.19E-02,4.20E-02,1.01E-02,3.73E-03,1.25E-02,1.07E-02,4.43E-02,2.75E-02,1.00E-02,5.64E-02,1.05E-02,3.50E-02,4.49E-02,2.78E-02,2.93E-02,3.66E-02,3.70E-02,3.70E-02,3.70E-02,3.65E-02,3.75E-02,3.70E-02,3.68E-02,3.74E-02,3.67E-02,3.75E-02,3.60E-02,3.70E-02,3.42E-02,3.62E-02,3.62E-02,3.77E-02,3.64E-02,3.64E-02,3.58E-02,3.08E-02,3.68E-02,3.53E-02,3.08E-02,3.68E-02,4.20E-02,3.34E-02,3.66E-02,3.04E-02,3.61E-02,4.64E-02,8.18E-03,2.90E-02,2.50E-02,3.93E-02,-1.41E-03,3.49E-02,3.80E-02,1.01E-02,4.24E-02,5.26E-03,1.54E-02,3.46E-02,4.33E-02,3.14E-02
7768,Au,Nb,ON2,AuNbON2,4.176,1.2,0.9,0.82,3.39E-02,4.17E-02,9.43E-02,6.50E-02,1.84E-02,7.41E-02,4.18E-02,4.73E-02,1.79E-02,5.70E-03,9.15E-02,2.68E-02,5.72E-02,3.36E-02,3.90E-02,3.30E-02,4.93E-02,3.68E-02,3.20E-02,2.93E-02,3.79E-02,2.89E-02,3.58E-02,1.55E-02,1.46E-02,2.08E-02,4.17E-02,3.52E-02,4.63E-02,4.88E-02,3.66E-02,3.70E-02,3.70E-02,3.70E-02,3.65E-02,3.75E-02,3.70E-02,3.68E-02,3.74E-02,3.67E-02,3.75E-02,3.60E-02,3.70E-02,3.42E-02,3.62E-02,4.42E-02,3.23E-02,3.19E-02,3.19E-02,4.67E-02,-1.53E-03,3.47E-02,3.77E-02,9.48E-03,4.16E-02,4.08E-03,5.41E-02,3.23E-02,7.60E-02,5.42E-02,4.64E-02,8.18E-03,2.90E-02,2.50E-02,3.93E-02,-1.41E-03,3.49E-02,3.80E-02,1.01E-02,4.24E-02,5.26E-03,1.54E-02,3.46E-02,4.33E-02,3.14E-02
9322,Hg,Ti,O2S,HgTiO2S,4.314,1,0.4,0.62,4.06E-02,8.39E-03,6.62E-02,6.62E-02,2.59E-02,0.00E+00,4.50E-02,5.35E-02,6.17E-02,6.23E-03,2.41E-03,4.97E-03,4.51E-02,2.24E-02,2.60E-02,3.14E-02,3.50E-02,1.95E-02,1.65E-02,2.85E-02,7.90E-03,2.64E-02,3.55E-02,1.83E-02,2.87E-02,8.49E-03,2.88E-02,3.39E-02,3.70E-02,3.90E-02,3.66E-02,3.70E-02,3.70E-02,3.70E-02,3.65E-02,3.75E-02,3.70E-02,3.68E-02,3.74E-02,3.67E-02,3.75E-02,3.60E-02,3.70E-02,3.42E-02,3.62E-02,3.62E-02,3.77E-02,3.64E-02,3.64E-02,3.58E-02,3.08E-02,3.68E-02,3.53E-02,3.08E-02,3.68E-02,4.20E-02,3.34E-02,3.66E-02,3.04E-02,3.61E-02,7.87E-03,7.59E-02,4.80E-02,5.71E-02,4.46E-02,4.03E-02,3.75E-02,2.71E-02,2.95E-03,2.89E-02,5.45E-02,7.39E-02,2.94E-02,5.19E-02,6.27E-02
11985,Ca,Bi,O2F,CaBiO2F,4.562,0.7,0.7,0.84,3.98E-02,2.34E-02,7.57E-03,1.32E-02,4.81E-02,-5.19E-02,4.43E-03,3.13E-02,2.81E-02,2.88E-02,5.77E-02,1.85E-02,2.25E-02,2.24E-02,2.60E-02,5.31E-02,1.80E-02,4.19E-02,7.20E-02,5.71E-02,4.35E-02,5.29E-02,3.79E-02,2.85E-02,6.70E-03,3.05E-03,1.71E-02,4.45E-02,4.63E-02,2.93E-02,3.66E-02,3.70E-02,3.70E-02,3.70E-02,3.65E-02,3.75E-02,3.70E-02,3.68E-02,3.74E-02,3.67E-02,3.75E-02,3.60E-02,3.70E-02,3.42E-02,3.62E-02,3.62E-02,3.77E-02,3.64E-02,3.64E-02,3.58E-02,3.08E-02,3.68E-02,3.53E-02,3.08E-02,3.68E-02,4.20E-02,3.34E-02,3.66E-02,3.04E-02,3.61E-02,3.61E-02,8.99E-03,3.93E-02,3.39E-02,2.85E-02,6.59E-02,3.96E-02,4.55E-02,7.59E-02,3.35E-02,5.65E-03,1.11E-02,4.53E-02,8.65E-03,1.05E-02
13402,Sc,Ca,O2F,ScCaO2F,4.305,1.2,1.2,1.56,2.99E-02,4.14E-02,1.46E-02,1.48E-02,2.71E-02,6.02E-03,6.97E-03,3.35E-02,1.26E-02,2.53E-02,4.56E-03,3.49E-02,3.07E-02,3.36E-02,3.90E-02,5.15E-02,1.73E-02,6.66E-03,1.38E-02,7.14E-02,-6.16E-02,4.30E-03,3.18E-02,4.75E-02,3.55E-02,7.75E-02,1.32E-02,2.20E-02,1.85E-02,1.95E-02,3.66E-02,3.70E-02,3.70E-02,3.70E-02,3.65E-02,3.75E-02,3.70E-02,3.68E-02,3.74E-02,3.67E-02,3.75E-02,3.60E-02,3.70E-02,3.42E-02,3.62E-02,3.62E-02,3.77E-02,3.64E-02,3.64E-02,3.58E-02,3.08E-02,3.68E-02,3.53E-02,3.08E-02,3.68E-02,4.20E-02,3.34E-02,3.66E-02,3.04E-02,3.61E-02,3.61E-02,8.99E-03,3.93E-02,3.39E-02,2.85E-02,6.59E-02,3.96E-02,4.55E-02,7.59E-02,3.35E-02,5.65E-03,1.11E-02,4.53E-02,8.65E-03,1.05E-02
2998,Hg,Hf,OFN,HgHfOFN,4.271,1.1,0.3,0.64,4.06E-02,8.39E-03,6.62E-02,6.62E-02,2.59E-02,0.00E+00,4.50E-02,5.35E-02,6.17E-02,6.23E-03,2.41E-03,4.97E-03,4.51E-02,2.24E-02,2.60E-02,4.28E-02,4.79E-02,5.72E-02,6.15E-02,3.63E-02,0.00E+00,2.77E-02,3.46E-02,1.26E-02,7.69E-03,8.92E-03,3.37E-02,2.86E-02,3.70E-02,3.90E-02,3.66E-02,3.70E-02,3.70E-02,3.70E-02,3.65E-02,3.75E-02,3.70E-02,3.68E-02,3.74E-02,3.67E-02,3.75E-02,3.60E-02,3.70E-02,3.42E-02,3.62E-02,3.43E-02,3.55E-02,4.32E-02,4.33E-02,3.39E-02,7.17E-02,3.93E-02,4.51E-02,7.11E-02,3.29E-02,4.38E-03,3.91E-02,4.23E-02,1.52E-02,1.81E-02,4.64E-02,8.18E-03,2.90E-02,2.50E-02,3.93E-02,-1.41E-03,3.49E-02,3.80E-02,1.01E-02,4.24E-02,5.26E-03,1.54E-02,3.46E-02,4.33E-02,3.14E-02
13855,Pb,Si,O3,PbSiO3,3.769,5.3,3.5,0.48,4.74E-02,2.69E-02,5.54E-02,6.84E-02,3.30E-02,3.66E-02,5.13E-02,3.80E-02,3.63E-02,5.74E-03,1.02E-02,1.03E-02,5.25E-02,4.48E-02,2.60E-02,1.34E-02,2.58E-02,1.00E-02,9.68E-03,3.24E-02,5.28E-02,4.79E-02,4.24E-02,5.54E-03,3.85E-02,5.74E-02,7.78E-02,4.18E-02,3.70E-02,3.90E-02,3.66E-02,3.70E-02,3.70E-02,3.70E-02,3.65E-02,3.75E-02,3.70E-02,3.68E-02,3.74E-02,3.67E-02,3.75E-02,3.60E-02,3.70E-02,3.42E-02,3.62E-02,3.62E-02,3.77E-02,3.64E-02,3.64E-02,3.58E-02,3.08E-02,3.68E-02,3.53E-02,3.08E-02,3.68E-02,4.20E-02,3.34E-02,3.66E-02,3.04E-02,3.61E-02,3.80E-02,9.53E-03,3.31E-02,2.85E-02,3.01E-02,2.83E-02,3.70E-02,3.56E-02,3.29E-02,3.74E-02,5.42E-02,9.48E-03,3.92E-02,1.73E-02,2.09E-02
14494,Sc,In,O3,ScInO3,4.187,3.6,3.2,0.7,2.99E-02,4.14E-02,1.46E-02,1.48E-02,2.71E-02,6.02E-03,6.97E-03,3.35E-02,1.26E-02,2.53E-02,4.56E-03,3.49E-02,3.07E-02,3.36E-02,3.90E-02,4.12E-02,2.31E-02,3.14E-02,3.96E-02,4.22E-02,1.15E-02,4.61E-02,3.01E-02,6.84E-02,1.28E-02,3.16E-02,5.05E-03,3.92E-02,2.78E-02,2.93E-02,3.66E-02,3.70E-02,3.70E-02,3.70E-02,3.65E-02,3.75E-02,3.70E-02,3.68E-02,3.74E-02,3.67E-02,3.75E-02,3.60E-02,3.70E-02,3.42E-02,3.62E-02,3.62E-02,3.77E-02,3.64E-02,3.64E-02,3.58E-02,3.08E-02,3.68E-02,3.53E-02,3.08E-02,3.68E-02,4.20E-02,3.34E-02,3.66E-02,3.04E-02,3.61E-02,3.80E-02,9.53E-03,3.31E-02,2.85E-02,3.01E-02,2.83E-02,3.70E-02,3.56E-02,3.29E-02,3.74E-02,5.42E-02,9.48E-03,3.92E-02,1.73E-02,2.09E-02
15006,Si,Sn,O3,SiSnO3,4.09,3.5,2.5,1.22,1.04E-02,3.50E-02,1.14E-02,9.27E-03,2.18E-02,4.45E-02,4.94E-02,4.18E-02,3.27E-03,3.12E-02,4.27E-02,1.09E-01,4.28E-02,4.48E-02,5.20E-02,3.66E-02,2.83E-02,3.14E-02,4.09E-02,4.37E-02,4.78E-02,4.92E-02,3.82E-02,4.69E-02,1.25E-02,2.58E-02,1.12E-02,4.31E-02,3.70E-02,3.90E-02,3.66E-02,3.70E-02,3.70E-02,3.70E-02,3.65E-02,3.75E-02,3.70E-02,3.68E-02,3.74E-02,3.67E-02,3.75E-02,3.60E-02,3.70E-02,3.42E-02,3.62E-02,3.62E-02,3.77E-02,3.64E-02,3.64E-02,3.58E-02,3.08E-02,3.68E-02,3.53E-02,3.08E-02,3.68E-02,4.20E-02,3.34E-02,3.66E-02,3.04E-02,3.61E-02,3.80E-02,9.53E-03,3.31E-02,2.85E-02,3.01E-02,2.83E-02,3.70E-02,3.56E-02,3.29E-02,3.74E-02,5.42E-02,9.48E-03,3.92E-02,1.73E-02,2.09E-02
10400,Cd,Ge,O2S,CdGeO2S,4.236,1.3,0.6,0.72,3.78E-02,1.38E-02,4.23E-02,3.71E-02,2.34E-02,0.00E+00,4.43E-02,4.61E-02,3.88E-02,1.03E-02,2.79E-02,1.32E-02,3.81E-02,2.24E-02,2.60E-02,2.73E-02,3.05E-02,2.29E-02,2.50E-02,3.59E-02,4.74E-02,4.86E-02,4.11E-02,1.21E-02,1.76E-02,2.32E-02,4.93E-02,4.43E-02,3.70E-02,3.90E-02,3.66E-02,3.70E-02,3.70E-02,3.70E-02,3.65E-02,3.75E-02,3.70E-02,3.68E-02,3.74E-02,3.67E-02,3.75E-02,3.60E-02,3.70E-02,3.42E-02,3.62E-02,3.62E-02,3.77E-02,3.64E-02,3.64E-02,3.58E-02,3.08E-02,3.68E-02,3.53E-02,3.08E-02,3.68E-02,4.20E-02,3.34E-02,3.66E-02,3.04E-02,3.61E-02,7.87E-03,7.59E-02,4.80E-02,5.71E-02,4.46E-02,4.03E-02,3.75E-02,2.71E-02,2.95E-03,2.89E-02,5.45E-02,7.39E-02,2.94E-02,5.19E-02,6.27E-02
15926,Y,Tl,O3,YTlO3,4.332,2,1.3,1,4.06E-02,4.81E-02,2.18E-02,2.93E-02,3.59E-02,0.00E+00,7.60E-03,3.27E-02,1.42E-02,1.34E-02,4.96E-03,3.72E-02,2.75E-02,3.36E-02,3.90E-02,8.19E-02,1.72E-02,5.09E-02,7.05E-02,4.61E-02,1.19E-02,4.67E-02,3.18E-02,6.37E-02,7.09E-03,1.79E-02,6.62E-03,4.49E-02,2.78E-02,9.76E-03,3.66E-02,3.70E-02,3.70E-02,3.70E-02,3.65E-02,3.75E-02,3.70E-02,3.68E-02,3.74E-02,3.67E-02,3.75E-02,3.60E-02,3.70E-02,3.42E-02,3.62E-02,3.62E-02,3.77E-02,3.64E-02,3.64E-02,3.58E-02,3.08E-02,3.68E-02,3.53E-02,3.08E-02,3.68E-02,4.20E-02,3.34E-02,3.66E-02,3.04E-02,3.61E-02,3.80E-02,9.53E-03,3.31E-02,2.85E-02,3.01E-02,2.83E-02,3.70E-02,3.56E-02,3.29E-02,3.74E-02,5.42E-02,9.48E-03,3.92E-02,1.73E-02,2.09E-02
15827,Y,La,O3,YLaO3,4.609,1.3,1.3,0.78,4.06E-02,4.81E-02,2.18E-02,2.93E-02,3.59E-02,0.00E+00,7.60E-03,3.27E-02,1.42E-02,1.34E-02,4.96E-03,3.72E-02,2.75E-02,3.36E-02,3.90E-02,5.98E-02,3.67E-02,2.64E-02,4.79E-02,6.05E-02,1.98E-02,7.99E-03,2.90E-02,1.11E-02,1.04E-02,5.23E-03,1.75E-02,2.42E-02,2.78E-02,2.93E-02,3.66E-02,3.70E-02,3.70E-02,3.70E-02,3.65E-02,3.75E-02,3.70E-02,3.68E-02,3.74E-02,3.67E-02,3.75E-02,3.60E-02,3.70E-02,3.42E-02,3.62E-02,3.62E-02,3.77E-02,3.64E-02,3.64E-02,3.58E-02,3.08E-02,3.68E-02,3.53E-02,3.08E-02,3.68E-02,4.20E-02,3.34E-02,3.66E-02,3.04E-02,3.61E-02,3.80E-02,9.53E-03,3.31E-02,2.85E-02,3.01E-02,2.83E-02,3.70E-02,3.56E-02,3.29E-02,3.74E-02,5.42E-02,9.48E-03,3.92E-02,1.73E-02,2.09E-02
1066,Ta,Be,O2N,TaBeO2N,3.52,1.2,0.4,0.96,2.55E-02,7.63E-02,8.13E-02,5.97E-02,1.92E-02,2.00E-02,3.04E-02,4.04E-02,7.93E-03,6.23E-03,1.66E-02,7.81E-02,3.38E-02,5.60E-02,6.51E-02,2.32E-02,3.19E-02,7.95E-03,3.11E-03,1.31E-02,-9.48E-02,4.12E-02,4.85E-02,2.41E-02,1.00E-01,7.75E-02,1.82E-02,3.46E-02,1.85E-02,1.95E-02,3.66E-02,3.70E-02,3.70E-02,3.70E-02,3.65E-02,3.75E-02,3.70E-02,3.68E-02,3.74E-02,3.67E-02,3.75E-02,3.60E-02,3.70E-02,3.42E-02,3.62E-02,3.62E-02,3.77E-02,3.64E-02,3.64E-02,3.58E-02,3.08E-02,3.68E-02,3.53E-02,3.08E-02,3.68E-02,4.20E-02,3.34E-02,3.66E-02,3.04E-02,3.61E-02,4.64E-02,8.18E-03,2.90E-02,2.50E-02,3.93E-02,-1.41E-03,3.49E-02,3.80E-02,1.01E-02,4.24E-02,5.26E-03,1.54E-02,3.46E-02,4.33E-02,3.14E-02
2385,Sc,Zr,O2N,ScZrO2N,4.17,2.6,2.2,0.46,2.99E-02,4.14E-02,1.46E-02,1.48E-02,2.71E-02,6.02E-03,6.97E-03,3.35E-02,1.26E-02,2.53E-02,4.56E-03,3.49E-02,3.07E-02,3.36E-02,3.90E-02,4.33E-02,4.60E-02,2.80E-02,3.14E-02,3.75E-02,1.98E-02,2.70E-02,3.30E-02,1.21E-02,1.53E-02,8.80E-03,3.26E-02,2.93E-02,3.70E-02,3.90E-02,3.66E-02,3.70E-02,3.70E-02,3.70E-02,3.65E-02,3.75E-02,3.70E-02,3.68E-02,3.74E-02,3.67E-02,3.75E-02,3.60E-02,3.70E-02,3.42E-02,3.62E-02,3.62E-02,3.77E-02,3.64E-02,3.64E-02,3.58E-02,3.08E-02,3.68E-02,3.53E-02,3.08E-02,3.68E-02,4.20E-02,3.34E-02,3.66E-02,3.04E-02,3.61E-02,4.64E-02,8.18E-03,2.90E-02,2.50E-02,3.93E-02,-1.41E-03,3.49E-02,3.80E-02,1.01E-02,4.24E-02,5.26E-03,1.54E-02,3.46E-02,4.33E-02,3.14E-02
11525,La,Sr,O2F,LaSrO2F,4.629,2.6,2.6,1.18,4.62E-02,4.98E-02,3.00E-02,4.58E-02,4.08E-02,1.66E-02,8.23E-03,2.86E-02,6.55E-03,8.46E-03,3.90E-03,2.45E-02,2.48E-02,3.36E-02,3.90E-02,6.49E-02,1.63E-02,1.09E-02,3.02E-02,9.06E-02,-6.64E-02,4.92E-03,2.96E-02,4.79E-02,1.65E-02,1.37E-03,1.27E-02,2.09E-02,1.85E-02,1.95E-02,3.66E-02,3.70E-02,3.70E-02,3.70E-02,3.65E-02,3.75E-02,3.70E-02,3.68E-02,3.74E-02,3.67E-02,3.75E-02,3.60E-02,3.70E-02,3.42E-02,3.62E-02,3.62E-02,3.77E-02,3.64E-02,3.64E-02,3.58E-02,3.08E-02,3.68E-02,3.53E-02,3.08E-02,3.68E-02,4.20E-02,3.34E-02,3.66E-02,3.04E-02,3.61E-02,3.61E-02,8.99E-03,3.93E-02,3.39E-02,2.85E-02,6.59E-02,3.96E-02,4.55E-02,7.59E-02,3.35E-02,5.65E-03,1.11E-02,4.53E-02,8.65E-03,1.05E-02
8629,Mo,Mo,O2S,MoMoO2S,4.301,0.2,0.2,0.78,2.35E-02,6.54E-02,4.99E-02,3.17E-02,1.69E-02,3.19E-02,3.17E-02,3.64E-02,6.04E-03,1.11E-02,3.98E-02,7.81E-02,4.87E-02,6.72E-02,7.81E-02,3.04E-02,4.83E-02,4.39E-02,3.31E-02,2.51E-02,3.79E-02,3.07E-02,3.69E-02,1.02E-02,1.37E-02,5.35E-02,5.58E-02,4.76E-02,5.55E-02,5.85E-02,3.66E-02,3.70E-02,3.70E-02,3.70E-02,3.65E-02,3.75E-02,3.70E-02,3.68E-02,3.74E-02,3.67E-02,3.75E-02,3.60E-02,3.70E-02,3.42E-02,3.62E-02,3.62E-02,3.77E-02,3.64E-02,3.64E-02,3.58E-02,3.08E-02,3.68E-02,3.53E-02,3.08E-02,3.68E-02,4.20E-02,3.34E-02,3.66E-02,3.04E-02,3.61E-02,7.87E-03,7.59E-02,4.80E-02,5.71E-02,4.46E-02,4.03E-02,3.75E-02,2.71E-02,2.95E-03,2.89E-02,5.45E-02,7.39E-02,2.94E-02,5.19E-02,6.27E-02
9076,Y,Tl,O2S,YTlO2S,4.674,0.7,0.3,1.24,4.06E-02,4.81E-02,2.18E-02,2.93E-02,3.59E-02,0.00E+00,7.60E-03,3.27E-02,1.42E-02,1.34E-02,4.96E-03,3.72E-02,2.75E-02,3.36E-02,3.90E-02,8.19E-02,1.72E-02,5.09E-02,7.05E-02,4.61E-02,1.19E-02,4.67E-02,3.18E-02,6.37E-02,7.09E-03,1.79E-02,6.62E-03,4.49E-02,2.78E-02,9.76E-03,3.66E-02,3.70E-02,3.70E-02,3.70E-02,3.65E-02,3.75E-02,3.70E-02,3.68E-02,3.74E-02,3.67E-02,3.75E-02,3.60E-02,3.70E-02,3.42E-02,3.62E-02,3.62E-02,3.77E-02,3.64E-02,3.64E-02,3.58E-02,3.08E-02,3.68E-02,3.53E-02,3.08E-02,3.68E-02,4.20E-02,3.34E-02,3.66E-02,3.04E-02,3.61E-02,7.87E-03,7.59E-02,4.80E-02,5.71E-02,4.46E-02,4.03E-02,3.75E-02,2.71E-02,2.95E-03,2.89E-02,5.45E-02,7.39E-02,2.94E-02,5.19E-02,6.27E-02
1088,Be,Nb,O2N,BeNbO2N,4.037,2,1.3,0.74,1.79E-02,4.32E-02,9.04E-03,2.97E-03,8.83E-03,-7.99E-02,4.24E-02,4.78E-02,1.42E-02,8.12E-02,5.77E-02,2.54E-02,3.54E-02,2.24E-02,2.60E-02,3.30E-02,4.93E-02,3.68E-02,3.20E-02,2.93E-02,3.79E-02,2.89E-02,3.58E-02,1.55E-02,1.46E-02,2.08E-02,4.17E-02,3.52E-02,4.63E-02,4.88E-02,3.66E-02,3.70E-02,3.70E-02,3.70E-02,3.65E-02,3.75E-02,3.70E-02,3.68E-02,3.74E-02,3.67E-02,3.75E-02,3.60E-02,3.70E-02,3.42E-02,3.62E-02,3.62E-02,3.77E-02,3.64E-02,3.64E-02,3.58E-02,3.08E-02,3.68E-02,3.53E-02,3.08E-02,3.68E-02,4.20E-02,3.34E-02,3.66E-02,3.04E-02,3.61E-02,4.64E-02,8.18E-03,2.90E-02,2.50E-02,3.93E-02,-1.41E-03,3.49E-02,3.80E-02,1.01E-02,4.24E-02,5.26E-03,1.54E-02,3.46E-02,4.33E-02,3.14E-02
2168,Si,Nb,O2N,SiNbO2N,4.08,1.1,0.2,0.98,1.04E-02,3.50E-02,1.14E-02,9.27E-03,2.18E-02,4.45E-02,4.94E-02,4.18E-02,3.27E-03,3.12E-02,4.27E-02,1.09E-01,4.28E-02,4.48E-02,5.20E-02,3.30E-02,4.93E-02,3.68E-02,3.20E-02,2.93E-02,3.79E-02,2.89E-02,3.58E-02,1.55E-02,1.46E-02,2.08E-02,4.17E-02,3.52E-02,4.63E-02,4.88E-02,3.66E-02,3.70E-02,3.70E-02,3.70E-02,3.65E-02,3.75E-02,3.70E-02,3.68E-02,3.74E-02,3.67E-02,3.75E-02,3.60E-02,3.70E-02,3.42E-02,3.62E-02,3.62E-02,3.77E-02,3.64E-02,3.64E-02,3.58E-02,3.08E-02,3.68E-02,3.53E-02,3.08E-02,3.68E-02,4.20E-02,3.34E-02,3.66E-02,3.04E-02,3.61E-02,4.64E-02,8.18E-03,2.90E-02,2.50E-02,3.93E-02,-1.41E-03,3.49E-02,3.80E-02,1.01E-02,4.24E-02,5.26E-03,1.54E-02,3.46E-02,4.33E-02,3.14E-02
12013,Ga,Ti,O2F,GaTiO2F,3.98,1.9,1.3,0.26,2.47E-02,3.30E-02,2.89E-02,2.30E-02,2.14E-02,9.65E-03,4.69E-02,3.08E-02,2.48E-02,1.65E-02,1.17E-02,1.21E-02,4.08E-02,3.36E-02,3.90E-02,3.14E-02,3.50E-02,1.95E-02,1.65E-02,2.85E-02,7.90E-03,2.64E-02,3.55E-02,1.83E-02,2.87E-02,8.49E-03,2.88E-02,3.39E-02,3.70E-02,3.90E-02,3.66E-02,3.70E-02,3.70E-02,3.70E-02,3.65E-02,3.75E-02,3.70E-02,3.68E-02,3.74E-02,3.67E-02,3.75E-02,3.60E-02,3.70E-02,3.42E-02,3.62E-02,3.62E-02,3.77E-02,3.64E-02,3.64E-02,3.58E-02,3.08E-02,3.68E-02,3.53E-02,3.08E-02,3.68E-02,4.20E-02,3.34E-02,3.66E-02,3.04E-02,3.61E-02,3.61E-02,8.99E-03,3.93E-02,3.39E-02,2.85E-02,6.59E-02,3.96E-02,4.55E-02,7.59E-02,3.35E-02,5.65E-03,1.11E-02,4.53E-02,8.65E-03,1.05E-02
9775,Sn,Si,O2S,SnSiO2S,4.162,1.4,0.3,0.92,2.83E-02,3.83E-02,3.57E-02,3.92E-02,2.94E-02,4.03E-02,5.07E-02,3.77E-02,2.77E-02,1.01E-02,1.92E-02,1.56E-02,4.42E-02,4.48E-02,5.20E-02,1.34E-02,2.58E-02,1.00E-02,9.68E-03,3.24E-02,5.28E-02,4.79E-02,4.24E-02,5.54E-03,3.85E-02,5.74E-02,7.78E-02,4.18E-02,3.70E-02,3.90E-02,3.66E-02,3.70E-02,3.70E-02,3.70E-02,3.65E-02,3.75E-02,3.70E-02,3.68E-02,3.74E-02,3.67E-02,3.75E-02,3.60E-02,3.70E-02,3.42E-02,3.62E-02,3.62E-02,3.77E-02,3.64E-02,3.64E-02,3.58E-02,3.08E-02,3.68E-02,3.53E-02,3.08E-02,3.68E-02,4.20E-02,3.34E-02,3.66E-02,3.04E-02,3.61E-02,7.87E-03,7.59E-02,4.80E-02,5.71E-02,4.46E-02,4.03E-02,3.75E-02,2.71E-02,2.95E-03,2.89E-02,5.45E-02,7.39E-02,2.94E-02,5.19E-02,6.27E-02
2073,Y,Sn,O2N,YSnO2N,4.087,3.1,2.7,0.82,4.06E-02,4.81E-02,2.18E-02,2.93E-02,3.59E-02,0.00E+00,7.60E-03,3.27E-02,1.42E-02,1.34E-02,4.96E-03,3.72E-02,2.75E-02,3.36E-02,3.90E-02,3.66E-02,2.83E-02,3.14E-02,4.09E-02,4.37E-02,4.78E-02,4.92E-02,3.82E-02,4.69E-02,1.25E-02,2.58E-02,1.12E-02,4.31E-02,3.70E-02,3.90E-02,3.66E-02,3.70E-02,3.70E-02,3.70E-02,3.65E-02,3.75E-02,3.70E-02,3.68E-02,3.74E-02,3.67E-02,3.75E-02,3.60E-02,3.70E-02,3.42E-02,3.62E-02,3.62E-02,3.77E-02,3.64E-02,3.64E-02,3.58E-02,3.08E-02,3.68E-02,3.53E-02,3.08E-02,3.68E-02,4.20E-02,3.34E-02,3.66E-02,3.04E-02,3.61E-02,4.64E-02,8.18E-03,2.90E-02,2.50E-02,3.93E-02,-1.41E-03,3.49E-02,3.80E-02,1.01E-02,4.24E-02,5.26E-03,1.54E-02,3.46E-02,4.33E-02,3.14E-02
8154,Ge,Hf,O2S,GeHfO2S,4.497,2.7,2.3,0.66,2.11E-02,4.14E-02,2.60E-02,2.40E-02,2.42E-02,3.99E-02,5.00E-02,4.05E-02,7.17E-03,1.42E-02,1.73E-02,6.90E-02,4.53E-02,4.48E-02,5.20E-02,4.28E-02,4.79E-02,5.72E-02,6.15E-02,3.63E-02,0.00E+00,2.77E-02,3.46E-02,1.26E-02,7.69E-03,8.92E-03,3.37E-02,2.86E-02,3.70E-02,3.90E-02,3.66E-02,3.70E-02,3.70E-02,3.70E-02,3.65E-02,3.75E-02,3.70E-02,3.68E-02,3.74E-02,3.67E-02,3.75E-02,3.60E-02,3.70E-02,3.42E-02,3.62E-02,3.62E-02,3.77E-02,3.64E-02,3.64E-02,3.58E-02,3.08E-02,3.68E-02,3.53E-02,3.08E-02,3.68E-02,4.20E-02,3.34E-02,3.66E-02,3.04E-02,3.61E-02,7.87E-03,7.59E-02,4.80E-02,5.71E-02,4.46E-02,4.03E-02,3.75E-02,2.71E-02,2.95E-03,2.89E-02,5.45E-02,7.39E-02,2.94E-02,5.19E-02,6.27E-02
4931,Hg,Zr,OFN,HgZrOFN,4.309,1.1,0.4,0.62,4.06E-02,8.39E-03,6.62E-02,6.62E-02,2.59E-02,0.00E+00,4.50E-02,5.35E-02,6.17E-02,6.23E-03,2.41E-03,4.97E-03,4.51E-02,2.24E-02,2.60E-02,4.33E-02,4.60E-02,2.80E-02,3.14E-02,3.75E-02,1.98E-02,2.70E-02,3.30E-02,1.21E-02,1.53E-02,8.80E-03,3.26E-02,2.93E-02,3.70E-02,3.90E-02,3.66E-02,3.70E-02,3.70E-02,3.70E-02,3.65E-02,3.75E-02,3.70E-02,3.68E-02,3.74E-02,3.67E-02,3.75E-02,3.60E-02,3.70E-02,3.42E-02,3.62E-02,3.43E-02,3.55E-02,4.32E-02,4.33E-02,3.39E-02,7.17E-02,3.93E-02,4.51E-02,7.11E-02,3.29E-02,4.38E-03,3.91E-02,4.23E-02,1.52E-02,1.81E-02,4.64E-02,8.18E-03,2.90E-02,2.50E-02,3.93E-02,-1.41E-03,3.49E-02,3.80E-02,1.01E-02,4.24E-02,5.26E-03,1.54E-02,3.46E-02,4.33E-02,3.14E-02
9809,Zn,Si,O2S,ZnSiO2S,3.993,1.6,1.6,1.1,2.95E-02,1.57E-02,3.48E-02,2.16E-02,1.65E-02,0.00E+00,4.37E-02,4.82E-02,3.80E-02,1.73E-02,3.35E-02,1.60E-02,3.72E-02,2.24E-02,2.60E-02,1.34E-02,2.58E-02,1.00E-02,9.68E-03,3.24E-02,5.28E-02,4.79E-02,4.24E-02,5.54E-03,3.85E-02,5.74E-02,7.78E-02,4.18E-02,3.70E-02,3.90E-02,3.66E-02,3.70E-02,3.70E-02,3.70E-02,3.65E-02,3.75E-02,3.70E-02,3.68E-02,3.74E-02,3.67E-02,3.75E-02,3.60E-02,3.70E-02,3.42E-02,3.62E-02,3.62E-02,3.77E-02,3.64E-02,3.64E-02,3.58E-02,3.08E-02,3.68E-02,3.53E-02,3.08E-02,3.68E-02,4.20E-02,3.34E-02,3.66E-02,3.04E-02,3.61E-02,7.87E-03,7.59E-02,4.80E-02,5.71E-02,4.46E-02,4.03E-02,3.75E-02,2.71E-02,2.95E-03,2.89E-02,5.45E-02,7.39E-02,2.94E-02,5.19E-02,6.27E-02
1637,As,Ge,O2N,AsGeO2N,3.826,1.7,0.6,0.72,2.31E-02,1.17E-02,2.82E-02,2.47E-02,2.34E-02,2.56E-02,5.32E-02,5.03E-02,1.94E-02,1.47E-02,1.44E-02,6.01E-02,4.87E-02,5.60E-02,3.90E-02,2.73E-02,3.05E-02,2.29E-02,2.50E-02,3.59E-02,4.74E-02,4.86E-02,4.11E-02,1.21E-02,1.76E-02,2.32E-02,4.93E-02,4.43E-02,3.70E-02,3.90E-02,3.66E-02,3.70E-02,3.70E-02,3.70E-02,3.65E-02,3.75E-02,3.70E-02,3.68E-02,3.74E-02,3.67E-02,3.75E-02,3.60E-02,3.70E-02,3.42E-02,3.62E-02,3.62E-02,3.77E-02,3.64E-02,3.64E-02,3.58E-02,3.08E-02,3.68E-02,3.53E-02,3.08E-02,3.68E-02,4.20E-02,3.34E-02,3.66E-02,3.04E-02,3.61E-02,4.64E-02,8.18E-03,2.90E-02,2.50E-02,3.93E-02,-1.41E-03,3.49E-02,3.80E-02,1.01E-02,4.24E-02,5.26E-03,1.54E-02,3.46E-02,4.33E-02,3.14E-02
15673,Ti,Mg,O3,TiMgO3,3.855,1.2,0.7,0.78,2.43E-02,4.74E-02,2.22E-02,1.58E-02,1.92E-02,6.66E-03,2.72E-02,3.50E-02,1.08E-02,2.33E-02,6.32E-03,4.03E-02,3.47E-02,4.48E-02,5.20E-02,3.71E-02,1.36E-02,7.48E-03,8.38E-03,3.79E-02,-9.09E-02,4.18E-02,3.98E-02,5.28E-02,5.60E-02,6.05E-02,1.39E-02,2.88E-02,1.85E-02,1.95E-02,3.66E-02,3.70E-02,3.70E-02,3.70E-02,3.65E-02,3.75E-02,3.70E-02,3.68E-02,3.74E-02,3.67E-02,3.75E-02,3.60E-02,3.70E-02,3.42E-02,3.62E-02,3.62E-02,3.77E-02,3.64E-02,3.64E-02,3.58E-02,3.08E-02,3.68E-02,3.53E-02,3.08E-02,3.68E-02,4.20E-02,3.34E-02,3.66E-02,3.04E-02,3.61E-02,3.80E-02,9.53E-03,3.31E-02,2.85E-02,3.01E-02,2.83E-02,3.70E-02,3.56E-02,3.29E-02,3.74E-02,5.42E-02,9.48E-03,3.92E-02,1.73E-02,2.09E-02
15635,Ag,V,O3,AgVO3,3.871,1,0.8,0.42,4.58E-02,3.24E-02,5.13E-02,3.56E-02,1.85E-02,4.18E-02,4.12E-02,3.88E-02,2.38E-02,1.05E-02,1.24E-01,2.45E-02,4.35E-02,2.24E-02,1.30E-02,2.78E-02,3.59E-02,2.63E-02,1.76E-02,2.23E-02,1.98E-02,2.83E-02,3.50E-02,1.79E-02,2.69E-02,1.19E-02,3.53E-02,3.59E-02,4.63E-02,4.88E-02,3.66E-02,3.70E-02,3.70E-02,3.70E-02,3.65E-02,3.75E-02,3.70E-02,3.68E-02,3.74E-02,3.67E-02,3.75E-02,3.60E-02,3.70E-02,3.42E-02,3.62E-02,3.62E-02,3.77E-02,3.64E-02,3.64E-02,3.58E-02,3.08E-02,3.68E-02,3.53E-02,3.08E-02,3.68E-02,4.20E-02,3.34E-02,3.66E-02,3.04E-02,3.61E-02,3.80E-02,9.53E-03,3.31E-02,2.85E-02,3.01E-02,2.83E-02,3.70E-02,3.56E-02,3.29E-02,3.74E-02,5.42E-02,9.48E-03,3.92E-02,1.73E-02,2.09E-02
15874,Sc,Al,O3,ScAlO3,3.662,4.3,3.8,0.44,2.99E-02,4.14E-02,1.46E-02,1.48E-02,2.71E-02,6.02E-03,6.97E-03,3.35E-02,1.26E-02,2.53E-02,4.56E-03,3.49E-02,3.07E-02,3.36E-02,3.90E-02,2.78E-02,2.69E-02,1.16E-02,9.30E-03,2.69E-02,1.78E-02,4.49E-02,3.11E-02,4.92E-02,4.94E-02,9.19E-02,1.66E-02,3.54E-02,2.78E-02,2.93E-02,3.66E-02,3.70E-02,3.70E-02,3.70E-02,3.65E-02,3.75E-02,3.70E-02,3.68E-02,3.74E-02,3.67E-02,3.75E-02,3.60E-02,3.70E-02,3.42E-02,3.62E-02,3.62E-02,3.77E-02,3.64E-02,3.64E-02,3.58E-02,3.08E-02,3.68E-02,3.53E-02,3.08E-02,3.68E-02,4.20E-02,3.34E-02,3.66E-02,3.04E-02,3.61E-02,3.80E-02,9.53E-03,3.31E-02,2.85E-02,3.01E-02,2.83E-02,3.70E-02,3.56E-02,3.29E-02,3.74E-02,5.42E-02,9.48E-03,3.92E-02,1.73E-02,2.09E-02
8595,Zn,Sn,O2S,ZnSnO2S,4.459,1.3,1.1,0.8,2.95E-02,1.57E-02,3.48E-02,2.16E-02,1.65E-02,0.00E+00,4.37E-02,4.82E-02,3.80E-02,1.73E-02,3.35E-02,1.60E-02,3.72E-02,2.24E-02,2.60E-02,3.66E-02,2.83E-02,3.14E-02,4.09E-02,4.37E-02,4.78E-02,4.92E-02,3.82E-02,4.69E-02,1.25E-02,2.58E-02,1.12E-02,4.31E-02,3.70E-02,3.90E-02,3.66E-02,3.70E-02,3.70E-02,3.70E-02,3.65E-02,3.75E-02,3.70E-02,3.68E-02,3.74E-02,3.67E-02,3.75E-02,3.60E-02,3.70E-02,3.42E-02,3.62E-02,3.62E-02,3.77E-02,3.64E-02,3.64E-02,3.58E-02,3.08E-02,3.68E-02,3.53E-02,3.08E-02,3.68E-02,4.20E-02,3.34E-02,3.66E-02,3.04E-02,3.61E-02,7.87E-03,7.59E-02,4.80E-02,5.71E-02,4.46E-02,4.03E-02,3.75E-02,2.71E-02,2.95E-03,2.89E-02,5.45E-02,7.39E-02,2.94E-02,5.19E-02,6.27E-02
10537,Zn,Mg,O2S,ZnMgO2S,4.144,1.7,1.2,0.9,2.95E-02,1.57E-02,3.48E-02,2.16E-02,1.65E-02,0.00E+00,4.37E-02,4.82E-02,3.80E-02,1.73E-02,3.35E-02,1.60E-02,3.72E-02,2.24E-02,2.60E-02,3.71E-02,1.36E-02,7.48E-03,8.38E-03,3.79E-02,-9.09E-02,4.18E-02,3.98E-02,5.28E-02,5.60E-02,6.05E-02,1.39E-02,2.88E-02,1.85E-02,1.95E-02,3.66E-02,3.70E-02,3.70E-02,3.70E-02,3.65E-02,3.75E-02,3.70E-02,3.68E-02,3.74E-02,3.67E-02,3.75E-02,3.60E-02,3.70E-02,3.42E-02,3.62E-02,3.62E-02,3.77E-02,3.64E-02,3.64E-02,3.58E-02,3.08E-02,3.68E-02,3.53E-02,3.08E-02,3.68E-02,4.20E-02,3.34E-02,3.66E-02,3.04E-02,3.61E-02,7.87E-03,7.59E-02,4.80E-02,5.71E-02,4.46E-02,4.03E-02,3.75E-02,2.71E-02,2.95E-03,2.89E-02,5.45E-02,7.39E-02,2.94E-02,5.19E-02,6.27E-02
14430,Hf,Be,O3,HfBeO3,3.456,3.7,3.2,0.76,3.31E-02,6.49E-02,6.50E-02,5.89E-02,2.44E-02,0.00E+00,2.85E-02,3.41E-02,7.43E-03,6.23E-03,6.64E-03,4.72E-02,2.93E-02,4.48E-02,5.20E-02,2.32E-02,3.19E-02,7.95E-03,3.11E-03,1.31E-02,-9.48E-02,4.12E-02,4.85E-02,2.41E-02,1.00E-01,7.75E-02,1.82E-02,3.46E-02,1.85E-02,1.95E-02,3.66E-02,3.70E-02,3.70E-02,3.70E-02,3.65E-02,3.75E-02,3.70E-02,3.68E-02,3.74E-02,3.67E-02,3.75E-02,3.60E-02,3.70E-02,3.42E-02,3.62E-02,3.62E-02,3.77E-02,3.64E-02,3.64E-02,3.58E-02,3.08E-02,3.68E-02,3.53E-02,3.08E-02,3.68E-02,4.20E-02,3.34E-02,3.66E-02,3.04E-02,3.61E-02,3.80E-02,9.53E-03,3.31E-02,2.85E-02,3.01E-02,2.83E-02,3.70E-02,3.56E-02,3.29E-02,3.74E-02,5.42E-02,9.48E-03,3.92E-02,1.73E-02,2.09E-02
1502,Al,Sn,O2N,AlSnO2N,4.099,1.5,0.7,1.12,2.15E-02,3.65E-02,1.32E-02,8.90E-03,1.81E-02,1.50E-02,4.62E-02,3.07E-02,2.91E-02,4.01E-02,6.84E-02,2.32E-02,3.63E-02,3.36E-02,3.90E-02,3.66E-02,2.83E-02,3.14E-02,4.09E-02,4.37E-02,4.78E-02,4.92E-02,3.82E-02,4.69E-02,1.25E-02,2.58E-02,1.12E-02,4.31E-02,3.70E-02,3.90E-02,3.66E-02,3.70E-02,3.70E-02,3.70E-02,3.65E-02,3.75E-02,3.70E-02,3.68E-02,3.74E-02,3.67E-02,3.75E-02,3.60E-02,3.70E-02,3.42E-02,3.62E-02,3.62E-02,3.77E-02,3.64E-02,3.64E-02,3.58E-02,3.08E-02,3.68E-02,3.53E-02,3.08E-02,3.68E-02,4.20E-02,3.34E-02,3.66E-02,3.04E-02,3.61E-02,4.64E-02,8.18E-03,2.90E-02,2.50E-02,3.93E-02,-1.41E-03,3.49E-02,3.80E-02,1.01E-02,4.24E-02,5.26E-03,1.54E-02,3.46E-02,4.33E-02,3.14E-02
11383,Au,Si,O2F,AuSiO2F,3.758,1.8,0.3,1.16,3.39E-02,4.17E-02,9.43E-02,6.50E-02,1.84E-02,7.41E-02,4.18E-02,4.73E-02,1.79E-02,5.70E-03,9.15E-02,2.68E-02,5.72E-02,3.36E-02,3.90E-02,1.34E-02,2.58E-02,1.00E-02,9.68E-03,3.24E-02,5.28E-02,4.79E-02,4.24E-02,5.54E-03,3.85E-02,5.74E-02,7.78E-02,4.18E-02,3.70E-02,3.90E-02,3.66E-02,3.70E-02,3.70E-02,3.70E-02,3.65E-02,3.75E-02,3.70E-02,3.68E-02,3.74E-02,3.67E-02,3.75E-02,3.60E-02,3.70E-02,3.42E-02,3.62E-02,3.62E-02,3.77E-02,3.64E-02,3.64E-02,3.58E-02,3.08E-02,3.68E-02,3.53E-02,3.08E-02,3.68E-02,4.20E-02,3.34E-02,3.66E-02,3.04E-02,3.61E-02,3.61E-02,8.99E-03,3.93E-02,3.39E-02,2.85E-02,6.59E-02,3.96E-02,4.55E-02,7.59E-02,3.35E-02,5.65E-03,1.11E-02,4.53E-02,8.65E-03,1.05E-02
8105,Pd,W,ON2,PdWON2,4.071,1.4,1.3,0.5,2.55E-02,4.31E-02,5.86E-02,3.51E-02,1.60E-02,2.00E-02,3.93E-02,4.28E-02,1.49E-02,1.09E-02,2.07E-02,3.63E-02,4.96E-02,4.48E-02,2.60E-02,3.09E-02,5.72E-02,8.30E-02,6.34E-02,2.56E-02,2.37E-02,3.13E-02,4.15E-02,9.59E-03,7.14E-03,6.74E-02,5.49E-02,5.20E-02,5.55E-02,5.85E-02,3.66E-02,3.70E-02,3.70E-02,3.70E-02,3.65E-02,3.75E-02,3.70E-02,3.68E-02,3.74E-02,3.67E-02,3.75E-02,3.60E-02,3.70E-02,3.42E-02,3.62E-02,4.42E-02,3.23E-02,3.19E-02,3.19E-02,4.67E-02,-1.53E-03,3.47E-02,3.77E-02,9.48E-03,4.16E-02,4.08E-03,5.41E-02,3.23E-02,7.60E-02,5.42E-02,4.64E-02,8.18E-03,2.90E-02,2.50E-02,3.93E-02,-1.41E-03,3.49E-02,3.80E-02,1.01E-02,4.24E-02,5.26E-03,1.54E-02,3.46E-02,4.33E-02,3.14E-02
13151,Ca,La,O2F,CaLaO2F,4.69,3.1,3.1,0.78,3.98E-02,2.34E-02,7.57E-03,1.32E-02,4.81E-02,-5.19E-02,4.43E-03,3.13E-02,2.81E-02,2.88E-02,5.77E-02,1.85E-02,2.25E-02,2.24E-02,2.60E-02,5.98E-02,3.67E-02,2.64E-02,4.79E-02,6.05E-02,1.98E-02,7.99E-03,2.90E-02,1.11E-02,1.04E-02,5.23E-03,1.75E-02,2.42E-02,2.78E-02,2.93E-02,3.66E-02,3.70E-02,3.70E-02,3.70E-02,3.65E-02,3.75E-02,3.70E-02,3.68E-02,3.74E-02,3.67E-02,3.75E-02,3.60E-02,3.70E-02,3.42E-02,3.62E-02,3.62E-02,3.77E-02,3.64E-02,3.64E-02,3.58E-02,3.08E-02,3.68E-02,3.53E-02,3.08E-02,3.68E-02,4.20E-02,3.34E-02,3.66E-02,3.04E-02,3.61E-02,3.61E-02,8.99E-03,3.93E-02,3.39E-02,2.85E-02,6.59E-02,3.96E-02,4.55E-02,7.59E-02,3.35E-02,5.65E-03,1.11E-02,4.53E-02,8.65E-03,1.05E-02
15693,Y,Rh,O3,YRhO3,4.021,0.6,0.6,0.9,4.06E-02,4.81E-02,2.18E-02,2.93E-02,3.59E-02,0.00E+00,7.60E-03,3.27E-02,1.42E-02,1.34E-02,4.96E-03,3.72E-02,2.75E-02,3.36E-02,3.90E-02,3.45E-02,3.90E-02,5.33E-02,3.55E-02,1.86E-02,4.74E-02,3.63E-02,3.88E-02,1.75E-02,1.33E-02,5.81E-02,3.37E-02,5.02E-02,5.55E-02,2.93E-02,3.66E-02,3.70E-02,3.70E-02,3.70E-02,3.65E-02,3.75E-02,3.70E-02,3.68E-02,3.74E-02,3.67E-02,3.75E-02,3.60E-02,3.70E-02,3.42E-02,3.62E-02,3.62E-02,3.77E-02,3.64E-02,3.64E-02,3.58E-02,3.08E-02,3.68E-02,3.53E-02,3.08E-02,3.68E-02,4.20E-02,3.34E-02,3.66E-02,3.04E-02,3.61E-02,3.80E-02,9.53E-03,3.31E-02,2.85E-02,3.01E-02,2.83E-02,3.70E-02,3.56E-02,3.29E-02,3.74E-02,5.42E-02,9.48E-03,3.92E-02,1.73E-02,2.09E-02
10602,Cu,Nb,O2S,CuNbO2S,4.383,1.4,0.7,0.36,2.91E-02,3.78E-02,4.38E-02,2.09E-02,1.29E-02,3.94E-02,4.05E-02,3.96E-02,2.08E-02,1.71E-02,1.16E-01,2.85E-02,4.28E-02,2.24E-02,2.60E-02,3.30E-02,4.93E-02,3.68E-02,3.20E-02,2.93E-02,3.79E-02,2.89E-02,3.58E-02,1.55E-02,1.46E-02,2.08E-02,4.17E-02,3.52E-02,4.63E-02,4.88E-02,3.66E-02,3.70E-02,3.70E-02,3.70E-02,3.65E-02,3.75E-02,3.70E-02,3.68E-02,3.74E-02,3.67E-02,3.75E-02,3.60E-02,3.70E-02,3.42E-02,3.62E-02,3.62E-02,3.77E-02,3.64E-02,3.64E-02,3.58E-02,3.08E-02,3.68E-02,3.53E-02,3.08E-02,3.68E-02,4.20E-02,3.34E-02,3.66E-02,3.04E-02,3.61E-02,7.87E-03,7.59E-02,4.80E-02,5.71E-02,4.46E-02,4.03E-02,3.75E-02,2.71E-02,2.95E-03,2.89E-02,5.45E-02,7.39E-02,2.94E-02,5.19E-02,6.27E-02
10768,Cd,Ti,O2S,CdTiO2S,4.286,2.5,1.8,0.6,3.78E-02,1.38E-02,4.23E-02,3.71E-02,2.34E-02,0.00E+00,4.43E-02,4.61E-02,3.88E-02,1.03E-02,2.79E-02,1.32E-02,3.81E-02,2.24E-02,2.60E-02,3.14E-02,3.50E-02,1.95E-02,1.65E-02,2.85E-02,7.90E-03,2.64E-02,3.55E-02,1.83E-02,2.87E-02,8.49E-03,2.88E-02,3.39E-02,3.70E-02,3.90E-02,3.66E-02,3.70E-02,3.70E-02,3.70E-02,3.65E-02,3.75E-02,3.70E-02,3.68E-02,3.74E-02,3.67E-02,3.75E-02,3.60E-02,3.70E-02,3.42E-02,3.62E-02,3.62E-02,3.77E-02,3.64E-02,3.64E-02,3.58E-02,3.08E-02,3.68E-02,3.53E-02,3.08E-02,3.68E-02,4.20E-02,3.34E-02,3.66E-02,3.04E-02,3.61E-02,7.87E-03,7.59E-02,4.80E-02,5.71E-02,4.46E-02,4.03E-02,3.75E-02,2.71E-02,2.95E-03,2.89E-02,5.45E-02,7.39E-02,2.94E-02,5.19E-02,6.27E-02
10651,Sc,In,O2S,ScInO2S,4.525,2.5,2.2,1.1,2.99E-02,4.14E-02,1.46E-02,1.48E-02,2.71E-02,6.02E-03,6.97E-03,3.35E-02,1.26E-02,2.53E-02,4.56E-03,3.49E-02,3.07E-02,3.36E-02,3.90E-02,4.12E-02,2.31E-02,3.14E-02,3.96E-02,4.22E-02,1.15E-02,4.61E-02,3.01E-02,6.84E-02,1.28E-02,3.16E-02,5.05E-03,3.92E-02,2.78E-02,2.93E-02,3.66E-02,3.70E-02,3.70E-02,3.70E-02,3.65E-02,3.75E-02,3.70E-02,3.68E-02,3.74E-02,3.67E-02,3.75E-02,3.60E-02,3.70E-02,3.42E-02,3.62E-02,3.62E-02,3.77E-02,3.64E-02,3.64E-02,3.58E-02,3.08E-02,3.68E-02,3.53E-02,3.08E-02,3.68E-02,4.20E-02,3.34E-02,3.66E-02,3.04E-02,3.61E-02,7.87E-03,7.59E-02,4.80E-02,5.71E-02,4.46E-02,4.03E-02,3.75E-02,2.71E-02,2.95E-03,2.89E-02,5.45E-02,7.39E-02,2.94E-02,5.19E-02,6.27E-02
12749,Ag,Si,O2F,AgSiO2F,3.716,4,2.6,0.78,4.58E-02,3.24E-02,5.13E-02,3.56E-02,1.85E-02,4.18E-02,4.12E-02,3.88E-02,2.38E-02,1.05E-02,1.24E-01,2.45E-02,4.35E-02,2.24E-02,1.30E-02,1.34E-02,2.58E-02,1.00E-02,9.68E-03,3.24E-02,5.28E-02,4.79E-02,4.24E-02,5.54E-03,3.85E-02,5.74E-02,7.78E-02,4.18E-02,3.70E-02,3.90E-02,3.66E-02,3.70E-02,3.70E-02,3.70E-02,3.65E-02,3.75E-02,3.70E-02,3.68E-02,3.74E-02,3.67E-02,3.75E-02,3.60E-02,3.70E-02,3.42E-02,3.62E-02,3.62E-02,3.77E-02,3.64E-02,3.64E-02,3.58E-02,3.08E-02,3.68E-02,3.53E-02,3.08E-02,3.68E-02,4.20E-02,3.34E-02,3.66E-02,3.04E-02,3.61E-02,3.61E-02,8.99E-03,3.93E-02,3.39E-02,2.85E-02,6.59E-02,3.96E-02,4.55E-02,7.59E-02,3.35E-02,5.65E-03,1.11E-02,4.53E-02,8.65E-03,1.05E-02
12350,Li,Hg,O2F,LiHgO2F,4.343,0.2,0.2,1.68,3.03E-02,2.15E-02,2.59E-03,2.29E-03,2.35E-02,1.99E-02,6.33E-04,2.76E-02,5.79E-02,1.59E-01,2.44E-02,6.51E-03,2.21E-02,1.12E-02,1.30E-02,5.26E-02,6.19E-03,5.82E-02,6.91E-02,3.85E-02,0.00E+00,4.36E-02,5.43E-02,1.04E-01,7.69E-03,3.23E-03,3.55E-03,4.40E-02,1.85E-02,1.95E-02,3.66E-02,3.70E-02,3.70E-02,3.70E-02,3.65E-02,3.75E-02,3.70E-02,3.68E-02,3.74E-02,3.67E-02,3.75E-02,3.60E-02,3.70E-02,3.42E-02,3.62E-02,3.62E-02,3.77E-02,3.64E-02,3.64E-02,3.58E-02,3.08E-02,3.68E-02,3.53E-02,3.08E-02,3.68E-02,4.20E-02,3.34E-02,3.66E-02,3.04E-02,3.61E-02,3.61E-02,8.99E-03,3.93E-02,3.39E-02,2.85E-02,6.59E-02,3.96E-02,4.55E-02,7.59E-02,3.35E-02,5.65E-03,1.11E-02,4.53E-02,8.65E-03,1.05E-02
10695,Be,Sn,O2S,BeSnO2S,4.353,1.6,1.3,1.24,1.79E-02,4.32E-02,9.04E-03,2.97E-03,8.83E-03,-7.99E-02,4.24E-02,4.78E-02,1.42E-02,8.12E-02,5.77E-02,2.54E-02,3.54E-02,2.24E-02,2.60E-02,3.66E-02,2.83E-02,3.14E-02,4.09E-02,4.37E-02,4.78E-02,4.92E-02,3.82E-02,4.69E-02,1.25E-02,2.58E-02,1.12E-02,4.31E-02,3.70E-02,3.90E-02,3.66E-02,3.70E-02,3.70E-02,3.70E-02,3.65E-02,3.75E-02,3.70E-02,3.68E-02,3.74E-02,3.67E-02,3.75E-02,3.60E-02,3.70E-02,3.42E-02,3.62E-02,3.62E-02,3.77E-02,3.64E-02,3.64E-02,3.58E-02,3.08E-02,3.68E-02,3.53E-02,3.08E-02,3.68E-02,4.20E-02,3.34E-02,3.66E-02,3.04E-02,3.61E-02,7.87E-03,7.59E-02,4.80E-02,5.71E-02,4.46E-02,4.03E-02,3.75E-02,2.71E-02,2.95E-03,2.89E-02,5.45E-02,7.39E-02,2.94E-02,5.19E-02,6.27E-02
3340,La,Al,OFN,LaAlOFN,3.94,2.8,2.5,0.34,4.62E-02,4.98E-02,3.00E-02,4.58E-02,4.08E-02,1.66E-02,8.23E-03,2.86E-02,6.55E-03,8.46E-03,3.90E-03,2.45E-02,2.48E-02,3.36E-02,3.90E-02,2.78E-02,2.69E-02,1.16E-02,9.30E-03,2.69E-02,1.78E-02,4.49E-02,3.11E-02,4.92E-02,4.94E-02,9.19E-02,1.66E-02,3.54E-02,2.78E-02,2.93E-02,3.66E-02,3.70E-02,3.70E-02,3.70E-02,3.65E-02,3.75E-02,3.70E-02,3.68E-02,3.74E-02,3.67E-02,3.75E-02,3.60E-02,3.70E-02,3.42E-02,3.62E-02,3.43E-02,3.55E-02,4.32E-02,4.33E-02,3.39E-02,7.17E-02,3.93E-02,4.51E-02,7.11E-02,3.29E-02,4.38E-03,3.91E-02,4.23E-02,1.52E-02,1.81E-02,4.64E-02,8.18E-03,2.90E-02,2.50E-02,3.93E-02,-1.41E-03,3.49E-02,3.80E-02,1.01E-02,4.24E-02,5.26E-03,1.54E-02,3.46E-02,4.33E-02,3.14E-02
8678,Al,Na,O2S,AlNaO2S,4.227,1.4,1.1,1.64,2.15E-02,3.65E-02,1.32E-02,8.90E-03,1.81E-02,1.50E-02,4.62E-02,3.07E-02,2.91E-02,4.01E-02,6.84E-02,2.32E-02,3.63E-02,3.36E-02,3.90E-02,5.26E-02,1.14E-02,4.17E-03,7.93E-03,6.43E-02,2.08E-02,1.23E-03,2.67E-02,1.51E-01,6.76E-02,5.47E-02,4.03E-03,2.05E-02,9.26E-03,9.76E-03,3.66E-02,3.70E-02,3.70E-02,3.70E-02,3.65E-02,3.75E-02,3.70E-02,3.68E-02,3.74E-02,3.67E-02,3.75E-02,3.60E-02,3.70E-02,3.42E-02,3.62E-02,3.62E-02,3.77E-02,3.64E-02,3.64E-02,3.58E-02,3.08E-02,3.68E-02,3.53E-02,3.08E-02,3.68E-02,4.20E-02,3.34E-02,3.66E-02,3.04E-02,3.61E-02,7.87E-03,7.59E-02,4.80E-02,5.71E-02,4.46E-02,4.03E-02,3.75E-02,2.71E-02,2.95E-03,2.89E-02,5.45E-02,7.39E-02,2.94E-02,5.19E-02,6.27E-02
10778,Au,Ta,O2S,AuTaO2S,4.383,1.6,1.3,0.42,3.39E-02,4.17E-02,9.43E-02,6.50E-02,1.84E-02,7.41E-02,4.18E-02,4.73E-02,1.79E-02,5.70E-03,9.15E-02,2.68E-02,5.72E-02,3.36E-02,3.90E-02,3.30E-02,5.63E-02,7.16E-02,6.24E-02,2.85E-02,2.37E-02,2.95E-02,4.10E-02,1.34E-02,7.69E-03,2.23E-02,5.58E-02,3.30E-02,4.63E-02,4.88E-02,3.66E-02,3.70E-02,3.70E-02,3.70E-02,3.65E-02,3.75E-02,3.70E-02,3.68E-02,3.74E-02,3.67E-02,3.75E-02,3.60E-02,3.70E-02,3.42E-02,3.62E-02,3.62E-02,3.77E-02,3.64E-02,3.64E-02,3.58E-02,3.08E-02,3.68E-02,3.53E-02,3.08E-02,3.68E-02,4.20E-02,3.34E-02,3.66E-02,3.04E-02,3.61E-02,7.87E-03,7.59E-02,4.80E-02,5.71E-02,4.46E-02,4.03E-02,3.75E-02,2.71E-02,2.95E-03,2.89E-02,5.45E-02,7.39E-02,2.94E-02,5.19E-02,6.27E-02
12073,Ba,La,O2F,BaLaO2F,4.808,4.7,4.7,0.3,5.66E-02,2.77E-02,1.75E-02,4.53E-02,6.85E-02,-1.73E-02,5.70E-03,2.67E-02,2.59E-02,9.08E-03,5.31E-03,1.74E-02,2.01E-02,2.24E-02,2.60E-02,5.98E-02,3.67E-02,2.64E-02,4.79E-02,6.05E-02,1.98E-02,7.99E-03,2.90E-02,1.11E-02,1.04E-02,5.23E-03,1.75E-02,2.42E-02,2.78E-02,2.93E-02,3.66E-02,3.70E-02,3.70E-02,3.70E-02,3.65E-02,3.75E-02,3.70E-02,3.68E-02,3.74E-02,3.67E-02,3.75E-02,3.60E-02,3.70E-02,3.42E-02,3.62E-02,3.62E-02,3.77E-02,3.64E-02,3.64E-02,3.58E-02,3.08E-02,3.68E-02,3.53E-02,3.08E-02,3.68E-02,4.20E-02,3.34E-02,3.66E-02,3.04E-02,3.61E-02,3.61E-02,8.99E-03,3.93E-02,3.39E-02,2.85E-02,6.59E-02,3.96E-02,4.55E-02,7.59E-02,3.35E-02,5.65E-03,1.11E-02,4.53E-02,8.65E-03,1.05E-02
14284,Sb,Tl,O3,SbTlO3,4.311,1.9,1.1,1.06,3.03E-02,2.48E-02,3.27E-02,4.02E-02,3.29E-02,3.36E-02,5.38E-02,4.43E-02,1.38E-02,9.21E-03,7.01E-03,4.30E-02,4.62E-02,5.60E-02,3.90E-02,8.19E-02,1.72E-02,5.09E-02,7.05E-02,4.61E-02,1.19E-02,4.67E-02,3.18E-02,6.37E-02,7.09E-03,1.79E-02,6.62E-03,4.49E-02,2.78E-02,9.76E-03,3.66E-02,3.70E-02,3.70E-02,3.70E-02,3.65E-02,3.75E-02,3.70E-02,3.68E-02,3.74E-02,3.67E-02,3.75E-02,3.60E-02,3.70E-02,3.42E-02,3.62E-02,3.62E-02,3.77E-02,3.64E-02,3.64E-02,3.58E-02,3.08E-02,3.68E-02,3.53E-02,3.08E-02,3.68E-02,4.20E-02,3.34E-02,3.66E-02,3.04E-02,3.61E-02,3.80E-02,9.53E-03,3.31E-02,2.85E-02,3.01E-02,2.83E-02,3.70E-02,3.56E-02,3.29E-02,3.74E-02,5.42E-02,9.48E-03,3.92E-02,1.73E-02,2.09E-02
1055,Ge,Ta,O2N,GeTaO2N,4.087,2.3,1.8,0.24,2.11E-02,4.14E-02,2.60E-02,2.40E-02,2.42E-02,3.99E-02,5.00E-02,4.05E-02,7.17E-03,1.42E-02,1.73E-02,6.90E-02,4.53E-02,4.48E-02,5.20E-02,3.30E-02,5.63E-02,7.16E-02,6.24E-02,2.85E-02,2.37E-02,2.95E-02,4.10E-02,1.34E-02,7.69E-03,2.23E-02,5.58E-02,3.30E-02,4.63E-02,4.88E-02,3.66E-02,3.70E-02,3.70E-02,3.70E-02,3.65E-02,3.75E-02,3.70E-02,3.68E-02,3.74E-02,3.67E-02,3.75E-02,3.60E-02,3.70E-02,3.42E-02,3.62E-02,3.62E-02,3.77E-02,3.64E-02,3.64E-02,3.58E-02,3.08E-02,3.68E-02,3.53E-02,3.08E-02,3.68E-02,4.20E-02,3.34E-02,3.66E-02,3.04E-02,3.61E-02,4.64E-02,8.18E-03,2.90E-02,2.50E-02,3.93E-02,-1.41E-03,3.49E-02,3.80E-02,1.01E-02,4.24E-02,5.26E-03,1.54E-02,3.46E-02,4.33E-02,3.14E-02
13551,Tl,Nb,O3,TlNbO3,4.149,1.3,1.3,0,6.33E-02,2.32E-02,5.79E-02,6.74E-02,3.11E-02,9.98E-03,4.81E-02,3.13E-02,3.76E-02,5.74E-03,1.33E-02,9.26E-03,4.60E-02,3.36E-02,1.30E-02,3.30E-02,4.93E-02,3.68E-02,3.20E-02,2.93E-02,3.79E-02,2.89E-02,3.58E-02,1.55E-02,1.46E-02,2.08E-02,4.17E-02,3.52E-02,4.63E-02,4.88E-02,3.66E-02,3.70E-02,3.70E-02,3.70E-02,3.65E-02,3.75E-02,3.70E-02,3.68E-02,3.74E-02,3.67E-02,3.75E-02,3.60E-02,3.70E-02,3.42E-02,3.62E-02,3.62E-02,3.77E-02,3.64E-02,3.64E-02,3.58E-02,3.08E-02,3.68E-02,3.53E-02,3.08E-02,3.68E-02,4.20E-02,3.34E-02,3.66E-02,3.04E-02,3.61E-02,3.80E-02,9.53E-03,3.31E-02,2.85E-02,3.01E-02,2.83E-02,3.70E-02,3.56E-02,3.29E-02,3.74E-02,5.42E-02,9.48E-03,3.92E-02,1.73E-02,2.09E-02
14688,Ba,Sn,O3,BaSnO3,4.209,2.5,2.5,-0.08,5.66E-02,2.77E-02,1.75E-02,4.53E-02,6.85E-02,-1.73E-02,5.70E-03,2.67E-02,2.59E-02,9.08E-03,5.31E-03,1.74E-02,2.01E-02,2.24E-02,2.60E-02,3.66E-02,2.83E-02,3.14E-02,4.09E-02,4.37E-02,4.78E-02,4.92E-02,3.82E-02,4.69E-02,1.25E-02,2.58E-02,1.12E-02,4.31E-02,3.70E-02,3.90E-02,3.66E-02,3.70E-02,3.70E-02,3.70E-02,3.65E-02,3.75E-02,3.70E-02,3.68E-02,3.74E-02,3.67E-02,3.75E-02,3.60E-02,3.70E-02,3.42E-02,3.62E-02,3.62E-02,3.77E-02,3.64E-02,3.64E-02,3.58E-02,3.08E-02,3.68E-02,3.53E-02,3.08E-02,3.68E-02,4.20E-02,3.34E-02,3.66E-02,3.04E-02,3.61E-02,3.80E-02,9.53E-03,3.31E-02,2.85E-02,3.01E-02,2.83E-02,3.70E-02,3.56E-02,3.29E-02,3.74E-02,5.42E-02,9.48E-03,3.92E-02,1.73E-02,2.09E-02
9767,K,Ta,O2S,KTaO2S,4.467,2.5,2,0.32,6.01E-02,1.38E-02,4.20E-03,1.29E-02,8.24E-02,1.61E-02,1.90E-03,2.23E-02,1.03E-01,3.37E-02,2.96E-02,5.05E-03,1.85E-02,1.12E-02,1.30E-02,3.30E-02,5.63E-02,7.16E-02,6.24E-02,2.85E-02,2.37E-02,2.95E-02,4.10E-02,1.34E-02,7.69E-03,2.23E-02,5.58E-02,3.30E-02,4.63E-02,4.88E-02,3.66E-02,3.70E-02,3.70E-02,3.70E-02,3.65E-02,3.75E-02,3.70E-02,3.68E-02,3.74E-02,3.67E-02,3.75E-02,3.60E-02,3.70E-02,3.42E-02,3.62E-02,3.62E-02,3.77E-02,3.64E-02,3.64E-02,3.58E-02,3.08E-02,3.68E-02,3.53E-02,3.08E-02,3.68E-02,4.20E-02,3.34E-02,3.66E-02,3.04E-02,3.61E-02,7.87E-03,7.59E-02,4.80E-02,5.71E-02,4.46E-02,4.03E-02,3.75E-02,2.71E-02,2.95E-03,2.89E-02,5.45E-02,7.39E-02,2.94E-02,5.19E-02,6.27E-02
2847,B,Ta,OFN,BTaOFN,4.11,1.6,1.1,1.48,9.16E-03,5.69E-02,1.14E-02,3.57E-03,8.39E-03,8.98E-03,4.56E-02,2.72E-02,5.92E-03,4.57E-02,7.79E-03,4.90E-02,4.60E-02,3.36E-02,3.90E-02,3.30E-02,5.63E-02,7.16E-02,6.24E-02,2.85E-02,2.37E-02,2.95E-02,4.10E-02,1.34E-02,7.69E-03,2.23E-02,5.58E-02,3.30E-02,4.63E-02,4.88E-02,3.66E-02,3.70E-02,3.70E-02,3.70E-02,3.65E-02,3.75E-02,3.70E-02,3.68E-02,3.74E-02,3.67E-02,3.75E-02,3.60E-02,3.70E-02,3.42E-02,3.62E-02,3.43E-02,3.55E-02,4.32E-02,4.33E-02,3.39E-02,7.17E-02,3.93E-02,4.51E-02,7.11E-02,3.29E-02,4.38E-03,3.91E-02,4.23E-02,1.52E-02,1.81E-02,4.64E-02,8.18E-03,2.90E-02,2.50E-02,3.93E-02,-1.41E-03,3.49E-02,3.80E-02,1.01E-02,4.24E-02,5.26E-03,1.54E-02,3.46E-02,4.33E-02,3.14E-02
3856,Si,Zr,OFN,SiZrOFN,4.238,1.6,1,1,1.04E-02,3.50E-02,1.14E-02,9.27E-03,2.18E-02,4.45E-02,4.94E-02,4.18E-02,3.27E-03,3.12E-02,4.27E-02,1.09E-01,4.28E-02,4.48E-02,5.20E-02,4.33E-02,4.60E-02,2.80E-02,3.14E-02,3.75E-02,1.98E-02,2.70E-02,3.30E-02,1.21E-02,1.53E-02,8.80E-03,3.26E-02,2.93E-02,3.70E-02,3.90E-02,3.66E-02,3.70E-02,3.70E-02,3.70E-02,3.65E-02,3.75E-02,3.70E-02,3.68E-02,3.74E-02,3.67E-02,3.75E-02,3.60E-02,3.70E-02,3.42E-02,3.62E-02,3.43E-02,3.55E-02,4.32E-02,4.33E-02,3.39E-02,7.17E-02,3.93E-02,4.51E-02,7.11E-02,3.29E-02,4.38E-03,3.91E-02,4.23E-02,1.52E-02,1.81E-02,4.64E-02,8.18E-03,2.90E-02,2.50E-02,3.93E-02,-1.41E-03,3.49E-02,3.80E-02,1.01E-02,4.24E-02,5.26E-03,1.54E-02,3.46E-02,4.33E-02,3.14E-02
14256,Ca,Te,O3,CaTeO3,4.26,1,1,0.6,3.98E-02,2.34E-02,7.57E-03,1.32E-02,4.81E-02,-5.19E-02,4.43E-03,3.13E-02,2.81E-02,2.88E-02,5.77E-02,1.85E-02,2.25E-02,2.24E-02,2.60E-02,5.00E-02,1.24E-02,2.68E-02,4.40E-02,5.49E-02,7.51E-02,5.53E-02,4.68E-02,4.00E-02,1.11E-02,9.11E-04,2.71E-02,4.62E-02,5.55E-02,3.90E-02,3.66E-02,3.70E-02,3.70E-02,3.70E-02,3.65E-02,3.75E-02,3.70E-02,3.68E-02,3.74E-02,3.67E-02,3.75E-02,3.60E-02,3.70E-02,3.42E-02,3.62E-02,3.62E-02,3.77E-02,3.64E-02,3.64E-02,3.58E-02,3.08E-02,3.68E-02,3.53E-02,3.08E-02,3.68E-02,4.20E-02,3.34E-02,3.66E-02,3.04E-02,3.61E-02,3.80E-02,9.53E-03,3.31E-02,2.85E-02,3.01E-02,2.83E-02,3.70E-02,3.56E-02,3.29E-02,3.74E-02,5.42E-02,9.48E-03,3.92E-02,1.73E-02,2.09E-02
15429,Ca,Zr,O3,CaZrO3,4.156,6.7,6.5,0.02,3.98E-02,2.34E-02,7.57E-03,1.32E-02,4.81E-02,-5.19E-02,4.43E-03,3.13E-02,2.81E-02,2.88E-02,5.77E-02,1.85E-02,2.25E-02,2.24E-02,2.60E-02,4.33E-02,4.60E-02,2.80E-02,3.14E-02,3.75E-02,1.98E-02,2.70E-02,3.30E-02,1.21E-02,1.53E-02,8.80E-03,3.26E-02,2.93E-02,3.70E-02,3.90E-02,3.66E-02,3.70E-02,3.70E-02,3.70E-02,3.65E-02,3.75E-02,3.70E-02,3.68E-02,3.74E-02,3.67E-02,3.75E-02,3.60E-02,3.70E-02,3.42E-02,3.62E-02,3.62E-02,3.77E-02,3.64E-02,3.64E-02,3.58E-02,3.08E-02,3.68E-02,3.53E-02,3.08E-02,3.68E-02,4.20E-02,3.34E-02,3.66E-02,3.04E-02,3.61E-02,3.80E-02,9.53E-03,3.31E-02,2.85E-02,3.01E-02,2.83E-02,3.70E-02,3.56E-02,3.29E-02,3.74E-02,5.42E-02,9.48E-03,3.92E-02,1.73E-02,2.09E-02
14285,La,B,O3,LaBO3,3.711,3.7,3.6,0.6,4.62E-02,4.98E-02,3.00E-02,4.58E-02,4.08E-02,1.66E-02,8.23E-03,2.86E-02,6.55E-03,8.46E-03,3.90E-03,2.45E-02,2.48E-02,3.36E-02,3.90E-02,1.19E-02,4.20E-02,1.01E-02,3.73E-03,1.25E-02,1.07E-02,4.43E-02,2.75E-02,1.00E-02,5.64E-02,1.05E-02,3.50E-02,4.49E-02,2.78E-02,2.93E-02,3.66E-02,3.70E-02,3.70E-02,3.70E-02,3.65E-02,3.75E-02,3.70E-02,3.68E-02,3.74E-02,3.67E-02,3.75E-02,3.60E-02,3.70E-02,3.42E-02,3.62E-02,3.62E-02,3.77E-02,3.64E-02,3.64E-02,3.58E-02,3.08E-02,3.68E-02,3.53E-02,3.08E-02,3.68E-02,4.20E-02,3.34E-02,3.66E-02,3.04E-02,3.61E-02,3.80E-02,9.53E-03,3.31E-02,2.85E-02,3.01E-02,2.83E-02,3.70E-02,3.56E-02,3.29E-02,3.74E-02,5.42E-02,9.48E-03,3.92E-02,1.73E-02,2.09E-02
5455,W,Ca,ON2,WCaON2,4.17,0.2,0.2,1.62,2.39E-02,7.76E-02,9.43E-02,6.07E-02,1.72E-02,2.00E-02,3.23E-02,4.09E-02,5.66E-03,5.79E-03,5.02E-02,7.68E-02,5.32E-02,6.72E-02,7.81E-02,5.15E-02,1.73E-02,6.66E-03,1.38E-02,7.14E-02,-6.16E-02,4.30E-03,3.18E-02,4.75E-02,3.55E-02,7.75E-02,1.32E-02,2.20E-02,1.85E-02,1.95E-02,3.66E-02,3.70E-02,3.70E-02,3.70E-02,3.65E-02,3.75E-02,3.70E-02,3.68E-02,3.74E-02,3.67E-02,3.75E-02,3.60E-02,3.70E-02,3.42E-02,3.62E-02,4.42E-02,3.23E-02,3.19E-02,3.19E-02,4.67E-02,-1.53E-03,3.47E-02,3.77E-02,9.48E-03,4.16E-02,4.08E-03,5.41E-02,3.23E-02,7.60E-02,5.42E-02,4.64E-02,8.18E-03,2.90E-02,2.50E-02,3.93E-02,-1.41E-03,3.49E-02,3.80E-02,1.01E-02,4.24E-02,5.26E-03,1.54E-02,3.46E-02,4.33E-02,3.14E-02
3021,Ca,Si,OFN,CaSiOFN,3.721,2.7,2.2,0.8,3.98E-02,2.34E-02,7.57E-03,1.32E-02,4.81E-02,-5.19E-02,4.43E-03,3.13E-02,2.81E-02,2.88E-02,5.77E-02,1.85E-02,2.25E-02,2.24E-02,2.60E-02,1.34E-02,2.58E-02,1.00E-02,9.68E-03,3.24E-02,5.28E-02,4.79E-02,4.24E-02,5.54E-03,3.85E-02,5.74E-02,7.78E-02,4.18E-02,3.70E-02,3.90E-02,3.66E-02,3.70E-02,3.70E-02,3.70E-02,3.65E-02,3.75E-02,3.70E-02,3.68E-02,3.74E-02,3.67E-02,3.75E-02,3.60E-02,3.70E-02,3.42E-02,3.62E-02,3.43E-02,3.55E-02,4.32E-02,4.33E-02,3.39E-02,7.17E-02,3.93E-02,4.51E-02,7.11E-02,3.29E-02,4.38E-03,3.91E-02,4.23E-02,1.52E-02,1.81E-02,4.64E-02,8.18E-03,2.90E-02,2.50E-02,3.93E-02,-1.41E-03,3.49E-02,3.80E-02,1.01E-02,4.24E-02,5.26E-03,1.54E-02,3.46E-02,4.33E-02,3.14E-02
11075,Ge,La,O2F,GeLaO2F,4.699,0.5,0.5,1,2.11E-02,4.14E-02,2.60E-02,2.40E-02,2.42E-02,3.99E-02,5.00E-02,4.05E-02,7.17E-03,1.42E-02,1.73E-02,6.90E-02,4.53E-02,4.48E-02,5.20E-02,5.98E-02,3.67E-02,2.64E-02,4.79E-02,6.05E-02,1.98E-02,7.99E-03,2.90E-02,1.11E-02,1.04E-02,5.23E-03,1.75E-02,2.42E-02,2.78E-02,2.93E-02,3.66E-02,3.70E-02,3.70E-02,3.70E-02,3.65E-02,3.75E-02,3.70E-02,3.68E-02,3.74E-02,3.67E-02,3.75E-02,3.60E-02,3.70E-02,3.42E-02,3.62E-02,3.62E-02,3.77E-02,3.64E-02,3.64E-02,3.58E-02,3.08E-02,3.68E-02,3.53E-02,3.08E-02,3.68E-02,4.20E-02,3.34E-02,3.66E-02,3.04E-02,3.61E-02,3.61E-02,8.99E-03,3.93E-02,3.39E-02,2.85E-02,6.59E-02,3.96E-02,4.55E-02,7.59E-02,3.35E-02,5.65E-03,1.11E-02,4.53E-02,8.65E-03,1.05E-02
10062,Rb,Nb,O2S,RbNbO2S,4.564,1.7,1.2,0.54,6.41E-02,1.28E-02,7.48E-03,2.82E-02,1.01E-01,1.56E-02,2.53E-03,2.14E-02,1.15E-01,1.62E-02,1.68E-02,5.07E-03,1.85E-02,4.48E-02,1.30E-02,3.30E-02,4.93E-02,3.68E-02,3.20E-02,2.93E-02,3.79E-02,2.89E-02,3.58E-02,1.55E-02,1.46E-02,2.08E-02,4.17E-02,3.52E-02,4.63E-02,4.88E-02,3.66E-02,3.70E-02,3.70E-02,3.70E-02,3.65E-02,3.75E-02,3.70E-02,3.68E-02,3.74E-02,3.67E-02,3.75E-02,3.60E-02,3.70E-02,3.42E-02,3.62E-02,3.62E-02,3.77E-02,3.64E-02,3.64E-02,3.58E-02,3.08E-02,3.68E-02,3.53E-02,3.08E-02,3.68E-02,4.20E-02,3.34E-02,3.66E-02,3.04E-02,3.61E-02,7.87E-03,7.59E-02,4.80E-02,5.71E-02,4.46E-02,4.03E-02,3.75E-02,2.71E-02,2.95E-03,2.89E-02,5.45E-02,7.39E-02,2.94E-02,5.19E-02,6.27E-02
12448,B,Ge,O2F,BGeO2F,3.831,1.4,0.2,1.72,9.16E-03,5.69E-02,1.14E-02,3.57E-03,8.39E-03,8.98E-03,4.56E-02,2.72E-02,5.92E-03,4.57E-02,7.79E-03,4.90E-02,4.60E-02,3.36E-02,3.90E-02,2.73E-02,3.05E-02,2.29E-02,2.50E-02,3.59E-02,4.74E-02,4.86E-02,4.11E-02,1.21E-02,1.76E-02,2.32E-02,4.93E-02,4.43E-02,3.70E-02,3.90E-02,3.66E-02,3.70E-02,3.70E-02,3.70E-02,3.65E-02,3.75E-02,3.70E-02,3.68E-02,3.74E-02,3.67E-02,3.75E-02,3.60E-02,3.70E-02,3.42E-02,3.62E-02,3.62E-02,3.77E-02,3.64E-02,3.64E-02,3.58E-02,3.08E-02,3.68E-02,3.53E-02,3.08E-02,3.68E-02,4.20E-02,3.34E-02,3.66E-02,3.04E-02,3.61E-02,3.61E-02,8.99E-03,3.93E-02,3.39E-02,2.85E-02,6.59E-02,3.96E-02,4.55E-02,7.59E-02,3.35E-02,5.65E-03,1.11E-02,4.53E-02,8.65E-03,1.05E-02
11194,Rb,Te,O2F,RbTeO2F,4.474,0.7,0.7,0.66,6.41E-02,1.28E-02,7.48E-03,2.82E-02,1.01E-01,1.56E-02,2.53E-03,2.14E-02,1.15E-01,1.62E-02,1.68E-02,5.07E-03,1.85E-02,4.48E-02,1.30E-02,5.00E-02,1.24E-02,2.68E-02,4.40E-02,5.49E-02,7.51E-02,5.53E-02,4.68E-02,4.00E-02,1.11E-02,9.11E-04,2.71E-02,4.62E-02,5.55E-02,3.90E-02,3.66E-02,3.70E-02,3.70E-02,3.70E-02,3.65E-02,3.75E-02,3.70E-02,3.68E-02,3.74E-02,3.67E-02,3.75E-02,3.60E-02,3.70E-02,3.42E-02,3.62E-02,3.62E-02,3.77E-02,3.64E-02,3.64E-02,3.58E-02,3.08E-02,3.68E-02,3.53E-02,3.08E-02,3.68E-02,4.20E-02,3.34E-02,3.66E-02,3.04E-02,3.61E-02,3.61E-02,8.99E-03,3.93E-02,3.39E-02,2.85E-02,6.59E-02,3.96E-02,4.55E-02,7.59E-02,3.35E-02,5.65E-03,1.11E-02,4.53E-02,8.65E-03,1.05E-02
8023,Ga,Nb,ON2,GaNbON2,4.133,1.2,0.5,0.54,2.47E-02,3.30E-02,2.89E-02,2.30E-02,2.14E-02,9.65E-03,4.69E-02,3.08E-02,2.48E-02,1.65E-02,1.17E-02,1.21E-02,4.08E-02,3.36E-02,3.90E-02,3.30E-02,4.93E-02,3.68E-02,3.20E-02,2.93E-02,3.79E-02,2.89E-02,3.58E-02,1.55E-02,1.46E-02,2.08E-02,4.17E-02,3.52E-02,4.63E-02,4.88E-02,3.66E-02,3.70E-02,3.70E-02,3.70E-02,3.65E-02,3.75E-02,3.70E-02,3.68E-02,3.74E-02,3.67E-02,3.75E-02,3.60E-02,3.70E-02,3.42E-02,3.62E-02,4.42E-02,3.23E-02,3.19E-02,3.19E-02,4.67E-02,-1.53E-03,3.47E-02,3.77E-02,9.48E-03,4.16E-02,4.08E-03,5.41E-02,3.23E-02,7.60E-02,5.42E-02,4.64E-02,8.18E-03,2.90E-02,2.50E-02,3.93E-02,-1.41E-03,3.49E-02,3.80E-02,1.01E-02,4.24E-02,5.26E-03,1.54E-02,3.46E-02,4.33E-02,3.14E-02
12344,Sn,Al,O2F,SnAlO2F,3.901,3.6,2.9,0.26,2.83E-02,3.83E-02,3.57E-02,3.92E-02,2.94E-02,4.03E-02,5.07E-02,3.77E-02,2.77E-02,1.01E-02,1.92E-02,1.56E-02,4.42E-02,4.48E-02,5.20E-02,2.78E-02,2.69E-02,1.16E-02,9.30E-03,2.69E-02,1.78E-02,4.49E-02,3.11E-02,4.92E-02,4.94E-02,9.19E-02,1.66E-02,3.54E-02,2.78E-02,2.93E-02,3.66E-02,3.70E-02,3.70E-02,3.70E-02,3.65E-02,3.75E-02,3.70E-02,3.68E-02,3.74E-02,3.67E-02,3.75E-02,3.60E-02,3.70E-02,3.42E-02,3.62E-02,3.62E-02,3.77E-02,3.64E-02,3.64E-02,3.58E-02,3.08E-02,3.68E-02,3.53E-02,3.08E-02,3.68E-02,4.20E-02,3.34E-02,3.66E-02,3.04E-02,3.61E-02,3.61E-02,8.99E-03,3.93E-02,3.39E-02,2.85E-02,6.59E-02,3.96E-02,4.55E-02,7.59E-02,3.35E-02,5.65E-03,1.11E-02,4.53E-02,8.65E-03,1.05E-02
10961,B,Ti,O2F,BTiO2F,3.937,3.2,2.7,1.16,9.16E-03,5.69E-02,1.14E-02,3.57E-03,8.39E-03,8.98E-03,4.56E-02,2.72E-02,5.92E-03,4.57E-02,7.79E-03,4.90E-02,4.60E-02,3.36E-02,3.90E-02,3.14E-02,3.50E-02,1.95E-02,1.65E-02,2.85E-02,7.90E-03,2.64E-02,3.55E-02,1.83E-02,2.87E-02,8.49E-03,2.88E-02,3.39E-02,3.70E-02,3.90E-02,3.66E-02,3.70E-02,3.70E-02,3.70E-02,3.65E-02,3.75E-02,3.70E-02,3.68E-02,3.74E-02,3.67E-02,3.75E-02,3.60E-02,3.70E-02,3.42E-02,3.62E-02,3.62E-02,3.77E-02,3.64E-02,3.64E-02,3.58E-02,3.08E-02,3.68E-02,3.53E-02,3.08E-02,3.68E-02,4.20E-02,3.34E-02,3.66E-02,3.04E-02,3.61E-02,3.61E-02,8.99E-03,3.93E-02,3.39E-02,2.85E-02,6.59E-02,3.96E-02,4.55E-02,7.59E-02,3.35E-02,5.65E-03,1.11E-02,4.53E-02,8.65E-03,1.05E-02
11924,Sn,In,O2F,SnInO2F,4.296,3.6,3.2,0.38,2.83E-02,3.83E-02,3.57E-02,3.92E-02,2.94E-02,4.03E-02,5.07E-02,3.77E-02,2.77E-02,1.01E-02,1.92E-02,1.56E-02,4.42E-02,4.48E-02,5.20E-02,4.12E-02,2.31E-02,3.14E-02,3.96E-02,4.22E-02,1.15E-02,4.61E-02,3.01E-02,6.84E-02,1.28E-02,3.16E-02,5.05E-03,3.92E-02,2.78E-02,2.93E-02,3.66E-02,3.70E-02,3.70E-02,3.70E-02,3.65E-02,3.75E-02,3.70E-02,3.68E-02,3.74E-02,3.67E-02,3.75E-02,3.60E-02,3.70E-02,3.42E-02,3.62E-02,3.62E-02,3.77E-02,3.64E-02,3.64E-02,3.58E-02,3.08E-02,3.68E-02,3.53E-02,3.08E-02,3.68E-02,4.20E-02,3.34E-02,3.66E-02,3.04E-02,3.61E-02,3.61E-02,8.99E-03,3.93E-02,3.39E-02,2.85E-02,6.59E-02,3.96E-02,4.55E-02,7.59E-02,3.35E-02,5.65E-03,1.11E-02,4.53E-02,8.65E-03,1.05E-02
3684,Ba,Hf,OFN,BaHfOFN,4.314,3.4,3.4,0.38,5.66E-02,2.77E-02,1.75E-02,4.53E-02,6.85E-02,-1.73E-02,5.70E-03,2.67E-02,2.59E-02,9.08E-03,5.31E-03,1.74E-02,2.01E-02,2.24E-02,2.60E-02,4.28E-02,4.79E-02,5.72E-02,6.15E-02,3.63E-02,0.00E+00,2.77E-02,3.46E-02,1.26E-02,7.69E-03,8.92E-03,3.37E-02,2.86E-02,3.70E-02,3.90E-02,3.66E-02,3.70E-02,3.70E-02,3.70E-02,3.65E-02,3.75E-02,3.70E-02,3.68E-02,3.74E-02,3.67E-02,3.75E-02,3.60E-02,3.70E-02,3.42E-02,3.62E-02,3.43E-02,3.55E-02,4.32E-02,4.33E-02,3.39E-02,7.17E-02,3.93E-02,4.51E-02,7.11E-02,3.29E-02,4.38E-03,3.91E-02,4.23E-02,1.52E-02,1.81E-02,4.64E-02,8.18E-03,2.90E-02,2.50E-02,3.93E-02,-1.41E-03,3.49E-02,3.80E-02,1.01E-02,4.24E-02,5.26E-03,1.54E-02,3.46E-02,4.33E-02,3.14E-02
17101,Zr,Nb,N3,ZrNbN3,4.087,0.5,0.2,0.54,3.35E-02,6.23E-02,3.18E-02,3.01E-02,2.53E-02,1.66E-02,2.79E-02,3.25E-02,7.17E-03,1.24E-02,6.55E-03,4.55E-02,3.00E-02,4.48E-02,5.20E-02,3.30E-02,4.93E-02,3.68E-02,3.20E-02,2.93E-02,3.79E-02,2.89E-02,3.58E-02,1.55E-02,1.46E-02,2.08E-02,4.17E-02,3.52E-02,4.63E-02,4.88E-02,4.47E-02,3.18E-02,3.24E-02,3.24E-02,4.77E-02,-1.86E-03,3.48E-02,3.93E-02,1.15E-02,4.16E-02,3.64E-03,5.83E-02,3.27E-02,8.55E-02,5.43E-02,4.42E-02,3.23E-02,3.19E-02,3.19E-02,4.67E-02,-1.53E-03,3.47E-02,3.77E-02,9.48E-03,4.16E-02,4.08E-03,5.41E-02,3.23E-02,7.60E-02,5.42E-02,4.64E-02,8.18E-03,2.90E-02,2.50E-02,3.93E-02,-1.41E-03,3.49E-02,3.80E-02,1.01E-02,4.24E-02,5.26E-03,1.54E-02,3.46E-02,4.33E-02,3.14E-02
14410,Li,V,O3,LiVO3,3.81,2.1,1.3,0.18,3.03E-02,2.15E-02,2.59E-03,2.29E-03,2.35E-02,1.99E-02,6.33E-04,2.76E-02,5.79E-02,1.59E-01,2.44E-02,6.51E-03,2.21E-02,1.12E-02,1.30E-02,2.78E-02,3.59E-02,2.63E-02,1.76E-02,2.23E-02,1.98E-02,2.83E-02,3.50E-02,1.79E-02,2.69E-02,1.19E-02,3.53E-02,3.59E-02,4.63E-02,4.88E-02,3.66E-02,3.70E-02,3.70E-02,3.70E-02,3.65E-02,3.75E-02,3.70E-02,3.68E-02,3.74E-02,3.67E-02,3.75E-02,3.60E-02,3.70E-02,3.42E-02,3.62E-02,3.62E-02,3.77E-02,3.64E-02,3.64E-02,3.58E-02,3.08E-02,3.68E-02,3.53E-02,3.08E-02,3.68E-02,4.20E-02,3.34E-02,3.66E-02,3.04E-02,3.61E-02,3.80E-02,9.53E-03,3.31E-02,2.85E-02,3.01E-02,2.83E-02,3.70E-02,3.56E-02,3.29E-02,3.74E-02,5.42E-02,9.48E-03,3.92E-02,1.73E-02,2.09E-02
18101,Hf,Ta,N3,HfTaN3,4.029,0.4,0.4,0.88,3.31E-02,6.49E-02,6.50E-02,5.89E-02,2.44E-02,0.00E+00,2.85E-02,3.41E-02,7.43E-03,6.23E-03,6.64E-03,4.72E-02,2.93E-02,4.48E-02,5.20E-02,3.30E-02,5.63E-02,7.16E-02,6.24E-02,2.85E-02,2.37E-02,2.95E-02,4.10E-02,1.34E-02,7.69E-03,2.23E-02,5.58E-02,3.30E-02,4.63E-02,4.88E-02,4.47E-02,3.18E-02,3.24E-02,3.24E-02,4.77E-02,-1.86E-03,3.48E-02,3.93E-02,1.15E-02,4.16E-02,3.64E-03,5.83E-02,3.27E-02,8.55E-02,5.43E-02,4.42E-02,3.23E-02,3.19E-02,3.19E-02,4.67E-02,-1.53E-03,3.47E-02,3.77E-02,9.48E-03,4.16E-02,4.08E-03,5.41E-02,3.23E-02,7.60E-02,5.42E-02,4.64E-02,8.18E-03,2.90E-02,2.50E-02,3.93E-02,-1.41E-03,3.49E-02,3.80E-02,1.01E-02,4.24E-02,5.26E-03,1.54E-02,3.46E-02,4.33E-02,3.14E-02
18223,B,Fe,N3,BFeN3,3.6,1.1,0.7,1.7,9.16E-03,5.69E-02,1.14E-02,3.57E-03,8.39E-03,8.98E-03,4.56E-02,2.72E-02,5.92E-03,4.57E-02,7.79E-03,4.90E-02,4.60E-02,3.36E-02,3.90E-02,2.83E-02,2.97E-02,3.38E-02,1.93E-02,1.89E-02,9.48E-03,3.38E-02,4.09E-02,2.51E-02,2.47E-02,3.11E-02,2.14E-02,4.03E-02,5.55E-02,2.93E-02,4.47E-02,3.18E-02,3.24E-02,3.24E-02,4.77E-02,-1.86E-03,3.48E-02,3.93E-02,1.15E-02,4.16E-02,3.64E-03,5.83E-02,3.27E-02,8.55E-02,5.43E-02,4.42E-02,3.23E-02,3.19E-02,3.19E-02,4.67E-02,-1.53E-03,3.47E-02,3.77E-02,9.48E-03,4.16E-02,4.08E-03,5.41E-02,3.23E-02,7.60E-02,5.42E-02,4.64E-02,8.18E-03,2.90E-02,2.50E-02,3.93E-02,-1.41E-03,3.49E-02,3.80E-02,1.01E-02,4.24E-02,5.26E-03,1.54E-02,3.46E-02,4.33E-02,3.14E-02
8740,La,La,O2S,LaLaO2S,5.046,2.9,2.9,0.72,4.62E-02,4.98E-02,3.00E-02,4.58E-02,4.08E-02,1.66E-02,8.23E-03,2.86E-02,6.55E-03,8.46E-03,3.90E-03,2.45E-02,2.48E-02,3.36E-02,3.90E-02,5.98E-02,3.67E-02,2.64E-02,4.79E-02,6.05E-02,1.98E-02,7.99E-03,2.90E-02,1.11E-02,1.04E-02,5.23E-03,1.75E-02,2.42E-02,2.78E-02,2.93E-02,3.66E-02,3.70E-02,3.70E-02,3.70E-02,3.65E-02,3.75E-02,3.70E-02,3.68E-02,3.74E-02,3.67E-02,3.75E-02,3.60E-02,3.70E-02,3.42E-02,3.62E-02,3.62E-02,3.77E-02,3.64E-02,3.64E-02,3.58E-02,3.08E-02,3.68E-02,3.53E-02,3.08E-02,3.68E-02,4.20E-02,3.34E-02,3.66E-02,3.04E-02,3.61E-02,7.87E-03,7.59E-02,4.80E-02,5.71E-02,4.46E-02,4.03E-02,3.75E-02,2.71E-02,2.95E-03,2.89E-02,5.45E-02,7.39E-02,2.94E-02,5.19E-02,6.27E-02
12475,Ca,Sc,O2F,CaScO2F,4.14,6.2,5.8,0.34,3.98E-02,2.34E-02,7.57E-03,1.32E-02,4.81E-02,-5.19E-02,4.43E-03,3.13E-02,2.81E-02,2.88E-02,5.77E-02,1.85E-02,2.25E-02,2.24E-02,2.60E-02,3.86E-02,3.05E-02,1.29E-02,1.55E-02,4.03E-02,7.15E-03,6.76E-03,3.40E-02,2.13E-02,3.12E-02,6.12E-03,2.50E-02,2.99E-02,2.78E-02,2.93E-02,3.66E-02,3.70E-02,3.70E-02,3.70E-02,3.65E-02,3.75E-02,3.70E-02,3.68E-02,3.74E-02,3.67E-02,3.75E-02,3.60E-02,3.70E-02,3.42E-02,3.62E-02,3.62E-02,3.77E-02,3.64E-02,3.64E-02,3.58E-02,3.08E-02,3.68E-02,3.53E-02,3.08E-02,3.68E-02,4.20E-02,3.34E-02,3.66E-02,3.04E-02,3.61E-02,3.61E-02,8.99E-03,3.93E-02,3.39E-02,2.85E-02,6.59E-02,3.96E-02,4.55E-02,7.59E-02,3.35E-02,5.65E-03,1.11E-02,4.53E-02,8.65E-03,1.05E-02
9854,Sr,Sn,O2S,SrSnO2S,4.542,1.5,1.1,0.62,5.02E-02,2.20E-02,1.24E-02,2.89E-02,6.10E-02,-5.59E-02,5.07E-03,2.92E-02,2.83E-02,1.34E-02,1.02E-03,1.78E-02,2.14E-02,2.24E-02,2.60E-02,3.66E-02,2.83E-02,3.14E-02,4.09E-02,4.37E-02,4.78E-02,4.92E-02,3.82E-02,4.69E-02,1.25E-02,2.58E-02,1.12E-02,4.31E-02,3.70E-02,3.90E-02,3.66E-02,3.70E-02,3.70E-02,3.70E-02,3.65E-02,3.75E-02,3.70E-02,3.68E-02,3.74E-02,3.67E-02,3.75E-02,3.60E-02,3.70E-02,3.42E-02,3.62E-02,3.62E-02,3.77E-02,3.64E-02,3.64E-02,3.58E-02,3.08E-02,3.68E-02,3.53E-02,3.08E-02,3.68E-02,4.20E-02,3.34E-02,3.66E-02,3.04E-02,3.61E-02,7.87E-03,7.59E-02,4.80E-02,5.71E-02,4.46E-02,4.03E-02,3.75E-02,2.71E-02,2.95E-03,2.89E-02,5.45E-02,7.39E-02,2.94E-02,5.19E-02,6.27E-02
14541,Na,Nb,O3,NaNbO3,4.049,4.4,3.7,-0.32,4.06E-02,1.54E-02,4.74E-03,7.59E-03,4.33E-02,1.75E-02,1.27E-03,2.63E-02,8.94E-02,5.47E-02,4.07E-02,5.64E-03,2.10E-02,1.12E-02,1.30E-02,3.30E-02,4.93E-02,3.68E-02,3.20E-02,2.93E-02,3.79E-02,2.89E-02,3.58E-02,1.55E-02,1.46E-02,2.08E-02,4.17E-02,3.52E-02,4.63E-02,4.88E-02,3.66E-02,3.70E-02,3.70E-02,3.70E-02,3.65E-02,3.75E-02,3.70E-02,3.68E-02,3.74E-02,3.67E-02,3.75E-02,3.60E-02,3.70E-02,3.42E-02,3.62E-02,3.62E-02,3.77E-02,3.64E-02,3.64E-02,3.58E-02,3.08E-02,3.68E-02,3.53E-02,3.08E-02,3.68E-02,4.20E-02,3.34E-02,3.66E-02,3.04E-02,3.61E-02,3.80E-02,9.53E-03,3.31E-02,2.85E-02,3.01E-02,2.83E-02,3.70E-02,3.56E-02,3.29E-02,3.74E-02,5.42E-02,9.48E-03,3.92E-02,1.73E-02,2.09E-02
910,Sc,Si,O2N,ScSiO2N,3.622,4.2,3.4,0.54,2.99E-02,4.14E-02,1.46E-02,1.48E-02,2.71E-02,6.02E-03,6.97E-03,3.35E-02,1.26E-02,2.53E-02,4.56E-03,3.49E-02,3.07E-02,3.36E-02,3.90E-02,1.34E-02,2.58E-02,1.00E-02,9.68E-03,3.24E-02,5.28E-02,4.79E-02,4.24E-02,5.54E-03,3.85E-02,5.74E-02,7.78E-02,4.18E-02,3.70E-02,3.90E-02,3.66E-02,3.70E-02,3.70E-02,3.70E-02,3.65E-02,3.75E-02,3.70E-02,3.68E-02,3.74E-02,3.67E-02,3.75E-02,3.60E-02,3.70E-02,3.42E-02,3.62E-02,3.62E-02,3.77E-02,3.64E-02,3.64E-02,3.58E-02,3.08E-02,3.68E-02,3.53E-02,3.08E-02,3.68E-02,4.20E-02,3.34E-02,3.66E-02,3.04E-02,3.61E-02,4.64E-02,8.18E-03,2.90E-02,2.50E-02,3.93E-02,-1.41E-03,3.49E-02,3.80E-02,1.01E-02,4.24E-02,5.26E-03,1.54E-02,3.46E-02,4.33E-02,3.14E-02
12108,Li,Ge,O2F,LiGeO2F,3.801,1.5,0.5,0.54,3.03E-02,2.15E-02,2.59E-03,2.29E-03,2.35E-02,1.99E-02,6.33E-04,2.76E-02,5.79E-02,1.59E-01,2.44E-02,6.51E-03,2.21E-02,1.12E-02,1.30E-02,2.73E-02,3.05E-02,2.29E-02,2.50E-02,3.59E-02,4.74E-02,4.86E-02,4.11E-02,1.21E-02,1.76E-02,2.32E-02,4.93E-02,4.43E-02,3.70E-02,3.90E-02,3.66E-02,3.70E-02,3.70E-02,3.70E-02,3.65E-02,3.75E-02,3.70E-02,3.68E-02,3.74E-02,3.67E-02,3.75E-02,3.60E-02,3.70E-02,3.42E-02,3.62E-02,3.62E-02,3.77E-02,3.64E-02,3.64E-02,3.58E-02,3.08E-02,3.68E-02,3.53E-02,3.08E-02,3.68E-02,4.20E-02,3.34E-02,3.66E-02,3.04E-02,3.61E-02,3.61E-02,8.99E-03,3.93E-02,3.39E-02,2.85E-02,6.59E-02,3.96E-02,4.55E-02,7.59E-02,3.35E-02,5.65E-03,1.11E-02,4.53E-02,8.65E-03,1.05E-02
15621,Ca,Ge,O3,CaGeO3,3.807,2.7,2.1,0.16,3.98E-02,2.34E-02,7.57E-03,1.32E-02,4.81E-02,-5.19E-02,4.43E-03,3.13E-02,2.81E-02,2.88E-02,5.77E-02,1.85E-02,2.25E-02,2.24E-02,2.60E-02,2.73E-02,3.05E-02,2.29E-02,2.50E-02,3.59E-02,4.74E-02,4.86E-02,4.11E-02,1.21E-02,1.76E-02,2.32E-02,4.93E-02,4.43E-02,3.70E-02,3.90E-02,3.66E-02,3.70E-02,3.70E-02,3.70E-02,3.65E-02,3.75E-02,3.70E-02,3.68E-02,3.74E-02,3.67E-02,3.75E-02,3.60E-02,3.70E-02,3.42E-02,3.62E-02,3.62E-02,3.77E-02,3.64E-02,3.64E-02,3.58E-02,3.08E-02,3.68E-02,3.53E-02,3.08E-02,3.68E-02,4.20E-02,3.34E-02,3.66E-02,3.04E-02,3.61E-02,3.80E-02,9.53E-03,3.31E-02,2.85E-02,3.01E-02,2.83E-02,3.70E-02,3.56E-02,3.29E-02,3.74E-02,5.42E-02,9.48E-03,3.92E-02,1.73E-02,2.09E-02
12875,Rb,Ti,O2F,RbTiO2F,4.135,3.6,3.1,0.34,6.41E-02,1.28E-02,7.48E-03,2.82E-02,1.01E-01,1.56E-02,2.53E-03,2.14E-02,1.15E-01,1.62E-02,1.68E-02,5.07E-03,1.85E-02,4.48E-02,1.30E-02,3.14E-02,3.50E-02,1.95E-02,1.65E-02,2.85E-02,7.90E-03,2.64E-02,3.55E-02,1.83E-02,2.87E-02,8.49E-03,2.88E-02,3.39E-02,3.70E-02,3.90E-02,3.66E-02,3.70E-02,3.70E-02,3.70E-02,3.65E-02,3.75E-02,3.70E-02,3.68E-02,3.74E-02,3.67E-02,3.75E-02,3.60E-02,3.70E-02,3.42E-02,3.62E-02,3.62E-02,3.77E-02,3.64E-02,3.64E-02,3.58E-02,3.08E-02,3.68E-02,3.53E-02,3.08E-02,3.68E-02,4.20E-02,3.34E-02,3.66E-02,3.04E-02,3.61E-02,3.61E-02,8.99E-03,3.93E-02,3.39E-02,2.85E-02,6.59E-02,3.96E-02,4.55E-02,7.59E-02,3.35E-02,5.65E-03,1.11E-02,4.53E-02,8.65E-03,1.05E-02
13202,Mg,Al,O2F,MgAlO2F,3.766,5.3,4.4,0.44,2.87E-02,1.84E-02,8.50E-03,8.02E-03,2.55E-02,-7.65E-02,4.31E-02,3.92E-02,3.12E-02,4.54E-02,4.50E-02,1.94E-02,2.95E-02,2.24E-02,2.60E-02,2.78E-02,2.69E-02,1.16E-02,9.30E-03,2.69E-02,1.78E-02,4.49E-02,3.11E-02,4.92E-02,4.94E-02,9.19E-02,1.66E-02,3.54E-02,2.78E-02,2.93E-02,3.66E-02,3.70E-02,3.70E-02,3.70E-02,3.65E-02,3.75E-02,3.70E-02,3.68E-02,3.74E-02,3.67E-02,3.75E-02,3.60E-02,3.70E-02,3.42E-02,3.62E-02,3.62E-02,3.77E-02,3.64E-02,3.64E-02,3.58E-02,3.08E-02,3.68E-02,3.53E-02,3.08E-02,3.68E-02,4.20E-02,3.34E-02,3.66E-02,3.04E-02,3.61E-02,3.61E-02,8.99E-03,3.93E-02,3.39E-02,2.85E-02,6.59E-02,3.96E-02,4.55E-02,7.59E-02,3.35E-02,5.65E-03,1.11E-02,4.53E-02,8.65E-03,1.05E-02
11908,Ba,Ga,O2F,BaGaO2F,4.127,2.5,2.1,0.14,5.66E-02,2.77E-02,1.75E-02,4.53E-02,6.85E-02,-1.73E-02,5.70E-03,2.67E-02,2.59E-02,9.08E-03,5.31E-03,1.74E-02,2.01E-02,2.24E-02,2.60E-02,3.19E-02,2.43E-02,2.54E-02,2.40E-02,3.17E-02,1.15E-02,4.55E-02,3.12E-02,4.20E-02,2.04E-02,1.57E-02,8.67E-03,3.98E-02,2.78E-02,2.93E-02,3.66E-02,3.70E-02,3.70E-02,3.70E-02,3.65E-02,3.75E-02,3.70E-02,3.68E-02,3.74E-02,3.67E-02,3.75E-02,3.60E-02,3.70E-02,3.42E-02,3.62E-02,3.62E-02,3.77E-02,3.64E-02,3.64E-02,3.58E-02,3.08E-02,3.68E-02,3.53E-02,3.08E-02,3.68E-02,4.20E-02,3.34E-02,3.66E-02,3.04E-02,3.61E-02,3.61E-02,8.99E-03,3.93E-02,3.39E-02,2.85E-02,6.59E-02,3.96E-02,4.55E-02,7.59E-02,3.35E-02,5.65E-03,1.11E-02,4.53E-02,8.65E-03,1.05E-02
3247,Pb,Ti,OFN,PbTiOFN,4.106,1.6,1.4,0.36,4.74E-02,2.69E-02,5.54E-02,6.84E-02,3.30E-02,3.66E-02,5.13E-02,3.80E-02,3.63E-02,5.74E-03,1.02E-02,1.03E-02,5.25E-02,4.48E-02,2.60E-02,3.14E-02,3.50E-02,1.95E-02,1.65E-02,2.85E-02,7.90E-03,2.64E-02,3.55E-02,1.83E-02,2.87E-02,8.49E-03,2.88E-02,3.39E-02,3.70E-02,3.90E-02,3.66E-02,3.70E-02,3.70E-02,3.70E-02,3.65E-02,3.75E-02,3.70E-02,3.68E-02,3.74E-02,3.67E-02,3.75E-02,3.60E-02,3.70E-02,3.42E-02,3.62E-02,3.43E-02,3.55E-02,4.32E-02,4.33E-02,3.39E-02,7.17E-02,3.93E-02,4.51E-02,7.11E-02,3.29E-02,4.38E-03,3.91E-02,4.23E-02,1.52E-02,1.81E-02,4.64E-02,8.18E-03,2.90E-02,2.50E-02,3.93E-02,-1.41E-03,3.49E-02,3.80E-02,1.01E-02,4.24E-02,5.26E-03,1.54E-02,3.46E-02,4.33E-02,3.14E-02
13380,Sr,B,O2F,SrBO2F,3.787,2.9,2.3,0.92,5.02E-02,2.20E-02,1.24E-02,2.89E-02,6.10E-02,-5.59E-02,5.07E-03,2.92E-02,2.83E-02,1.34E-02,1.02E-03,1.78E-02,2.14E-02,2.24E-02,2.60E-02,1.19E-02,4.20E-02,1.01E-02,3.73E-03,1.25E-02,1.07E-02,4.43E-02,2.75E-02,1.00E-02,5.64E-02,1.05E-02,3.50E-02,4.49E-02,2.78E-02,2.93E-02,3.66E-02,3.70E-02,3.70E-02,3.70E-02,3.65E-02,3.75E-02,3.70E-02,3.68E-02,3.74E-02,3.67E-02,3.75E-02,3.60E-02,3.70E-02,3.42E-02,3.62E-02,3.62E-02,3.77E-02,3.64E-02,3.64E-02,3.58E-02,3.08E-02,3.68E-02,3.53E-02,3.08E-02,3.68E-02,4.20E-02,3.34E-02,3.66E-02,3.04E-02,3.61E-02,3.61E-02,8.99E-03,3.93E-02,3.39E-02,2.85E-02,6.59E-02,3.96E-02,4.55E-02,7.59E-02,3.35E-02,5.65E-03,1.11E-02,4.53E-02,8.65E-03,1.05E-02
3110,Cd,Ti,OFN,CdTiOFN,4.036,1.2,0.3,0.42,3.78E-02,1.38E-02,4.23E-02,3.71E-02,2.34E-02,0.00E+00,4.43E-02,4.61E-02,3.88E-02,1.03E-02,2.79E-02,1.32E-02,3.81E-02,2.24E-02,2.60E-02,3.14E-02,3.50E-02,1.95E-02,1.65E-02,2.85E-02,7.90E-03,2.64E-02,3.55E-02,1.83E-02,2.87E-02,8.49E-03,2.88E-02,3.39E-02,3.70E-02,3.90E-02,3.66E-02,3.70E-02,3.70E-02,3.70E-02,3.65E-02,3.75E-02,3.70E-02,3.68E-02,3.74E-02,3.67E-02,3.75E-02,3.60E-02,3.70E-02,3.42E-02,3.62E-02,3.43E-02,3.55E-02,4.32E-02,4.33E-02,3.39E-02,7.17E-02,3.93E-02,4.51E-02,7.11E-02,3.29E-02,4.38E-03,3.91E-02,4.23E-02,1.52E-02,1.81E-02,4.64E-02,8.18E-03,2.90E-02,2.50E-02,3.93E-02,-1.41E-03,3.49E-02,3.80E-02,1.01E-02,4.24E-02,5.26E-03,1.54E-02,3.46E-02,4.33E-02,3.14E-02
16005,Cu,Nb,O3,CuNbO3,4.081,1.9,1,0.28,2.91E-02,3.78E-02,4.38E-02,2.09E-02,1.29E-02,3.94E-02,4.05E-02,3.96E-02,2.08E-02,1.71E-02,1.16E-01,2.85E-02,4.28E-02,2.24E-02,2.60E-02,3.30E-02,4.93E-02,3.68E-02,3.20E-02,2.93E-02,3.79E-02,2.89E-02,3.58E-02,1.55E-02,1.46E-02,2.08E-02,4.17E-02,3.52E-02,4.63E-02,4.88E-02,3.66E-02,3.70E-02,3.70E-02,3.70E-02,3.65E-02,3.75E-02,3.70E-02,3.68E-02,3.74E-02,3.67E-02,3.75E-02,3.60E-02,3.70E-02,3.42E-02,3.62E-02,3.62E-02,3.77E-02,3.64E-02,3.64E-02,3.58E-02,3.08E-02,3.68E-02,3.53E-02,3.08E-02,3.68E-02,4.20E-02,3.34E-02,3.66E-02,3.04E-02,3.61E-02,3.80E-02,9.53E-03,3.31E-02,2.85E-02,3.01E-02,2.83E-02,3.70E-02,3.56E-02,3.29E-02,3.74E-02,5.42E-02,9.48E-03,3.92E-02,1.73E-02,2.09E-02
12822,Mg,Sc,O2F,MgScO2F,4.092,3.6,3.1,0.72,2.87E-02,1.84E-02,8.50E-03,8.02E-03,2.55E-02,-7.65E-02,4.31E-02,3.92E-02,3.12E-02,4.54E-02,4.50E-02,1.94E-02,2.95E-02,2.24E-02,2.60E-02,3.86E-02,3.05E-02,1.29E-02,1.55E-02,4.03E-02,7.15E-03,6.76E-03,3.40E-02,2.13E-02,3.12E-02,6.12E-03,2.50E-02,2.99E-02,2.78E-02,2.93E-02,3.66E-02,3.70E-02,3.70E-02,3.70E-02,3.65E-02,3.75E-02,3.70E-02,3.68E-02,3.74E-02,3.67E-02,3.75E-02,3.60E-02,3.70E-02,3.42E-02,3.62E-02,3.62E-02,3.77E-02,3.64E-02,3.64E-02,3.58E-02,3.08E-02,3.68E-02,3.53E-02,3.08E-02,3.68E-02,4.20E-02,3.34E-02,3.66E-02,3.04E-02,3.61E-02,3.61E-02,8.99E-03,3.93E-02,3.39E-02,2.85E-02,6.59E-02,3.96E-02,4.55E-02,7.59E-02,3.35E-02,5.65E-03,1.11E-02,4.53E-02,8.65E-03,1.05E-02
4358,Y,Y,OFN,YYOFN,4.367,0.2,0.2,0.96,4.06E-02,4.81E-02,2.18E-02,2.93E-02,3.59E-02,0.00E+00,7.60E-03,3.27E-02,1.42E-02,1.34E-02,4.96E-03,3.72E-02,2.75E-02,3.36E-02,3.90E-02,5.26E-02,3.55E-02,1.92E-02,3.06E-02,5.32E-02,0.00E+00,7.38E-03,3.32E-02,2.41E-02,1.65E-02,6.67E-03,2.66E-02,2.69E-02,2.78E-02,2.93E-02,3.66E-02,3.70E-02,3.70E-02,3.70E-02,3.65E-02,3.75E-02,3.70E-02,3.68E-02,3.74E-02,3.67E-02,3.75E-02,3.60E-02,3.70E-02,3.42E-02,3.62E-02,3.43E-02,3.55E-02,4.32E-02,4.33E-02,3.39E-02,7.17E-02,3.93E-02,4.51E-02,7.11E-02,3.29E-02,4.38E-03,3.91E-02,4.23E-02,1.52E-02,1.81E-02,4.64E-02,8.18E-03,2.90E-02,2.50E-02,3.93E-02,-1.41E-03,3.49E-02,3.80E-02,1.01E-02,4.24E-02,5.26E-03,1.54E-02,3.46E-02,4.33E-02,3.14E-02
12921,Ga,Te,O2F,GaTeO2F,4.392,0.5,0.5,0.74,2.47E-02,3.30E-02,2.89E-02,2.30E-02,2.14E-02,9.65E-03,4.69E-02,3.08E-02,2.48E-02,1.65E-02,1.17E-02,1.21E-02,4.08E-02,3.36E-02,3.90E-02,5.00E-02,1.24E-02,2.68E-02,4.40E-02,5.49E-02,7.51E-02,5.53E-02,4.68E-02,4.00E-02,1.11E-02,9.11E-04,2.71E-02,4.62E-02,5.55E-02,3.90E-02,3.66E-02,3.70E-02,3.70E-02,3.70E-02,3.65E-02,3.75E-02,3.70E-02,3.68E-02,3.74E-02,3.67E-02,3.75E-02,3.60E-02,3.70E-02,3.42E-02,3.62E-02,3.62E-02,3.77E-02,3.64E-02,3.64E-02,3.58E-02,3.08E-02,3.68E-02,3.53E-02,3.08E-02,3.68E-02,4.20E-02,3.34E-02,3.66E-02,3.04E-02,3.61E-02,3.61E-02,8.99E-03,3.93E-02,3.39E-02,2.85E-02,6.59E-02,3.96E-02,4.55E-02,7.59E-02,3.35E-02,5.65E-03,1.11E-02,4.53E-02,8.65E-03,1.05E-02
11114,Si,Al,O2F,SiAlO2F,3.805,3.3,2.3,0.92,1.04E-02,3.50E-02,1.14E-02,9.27E-03,2.18E-02,4.45E-02,4.94E-02,4.18E-02,3.27E-03,3.12E-02,4.27E-02,1.09E-01,4.28E-02,4.48E-02,5.20E-02,2.78E-02,2.69E-02,1.16E-02,9.30E-03,2.69E-02,1.78E-02,4.49E-02,3.11E-02,4.92E-02,4.94E-02,9.19E-02,1.66E-02,3.54E-02,2.78E-02,2.93E-02,3.66E-02,3.70E-02,3.70E-02,3.70E-02,3.65E-02,3.75E-02,3.70E-02,3.68E-02,3.74E-02,3.67E-02,3.75E-02,3.60E-02,3.70E-02,3.42E-02,3.62E-02,3.62E-02,3.77E-02,3.64E-02,3.64E-02,3.58E-02,3.08E-02,3.68E-02,3.53E-02,3.08E-02,3.68E-02,4.20E-02,3.34E-02,3.66E-02,3.04E-02,3.61E-02,3.61E-02,8.99E-03,3.93E-02,3.39E-02,2.85E-02,6.59E-02,3.96E-02,4.55E-02,7.59E-02,3.35E-02,5.65E-03,1.11E-02,4.53E-02,8.65E-03,1.05E-02
12868,La,Be,O2F,LaBeO2F,3.804,5.2,5.2,0.32,4.62E-02,4.98E-02,3.00E-02,4.58E-02,4.08E-02,1.66E-02,8.23E-03,2.86E-02,6.55E-03,8.46E-03,3.90E-03,2.45E-02,2.48E-02,3.36E-02,3.90E-02,2.32E-02,3.19E-02,7.95E-03,3.11E-03,1.31E-02,-9.48E-02,4.12E-02,4.85E-02,2.41E-02,1.00E-01,7.75E-02,1.82E-02,3.46E-02,1.85E-02,1.95E-02,3.66E-02,3.70E-02,3.70E-02,3.70E-02,3.65E-02,3.75E-02,3.70E-02,3.68E-02,3.74E-02,3.67E-02,3.75E-02,3.60E-02,3.70E-02,3.42E-02,3.62E-02,3.62E-02,3.77E-02,3.64E-02,3.64E-02,3.58E-02,3.08E-02,3.68E-02,3.53E-02,3.08E-02,3.68E-02,4.20E-02,3.34E-02,3.66E-02,3.04E-02,3.61E-02,3.61E-02,8.99E-03,3.93E-02,3.39E-02,2.85E-02,6.59E-02,3.96E-02,4.55E-02,7.59E-02,3.35E-02,5.65E-03,1.11E-02,4.53E-02,8.65E-03,1.05E-02
6471,Hf,Zr,ON2,HfZrON2,4.164,2.3,1.6,0.56,3.31E-02,6.49E-02,6.50E-02,5.89E-02,2.44E-02,0.00E+00,2.85E-02,3.41E-02,7.43E-03,6.23E-03,6.64E-03,4.72E-02,2.93E-02,4.48E-02,5.20E-02,4.33E-02,4.60E-02,2.80E-02,3.14E-02,3.75E-02,1.98E-02,2.70E-02,3.30E-02,1.21E-02,1.53E-02,8.80E-03,3.26E-02,2.93E-02,3.70E-02,3.90E-02,3.66E-02,3.70E-02,3.70E-02,3.70E-02,3.65E-02,3.75E-02,3.70E-02,3.68E-02,3.74E-02,3.67E-02,3.75E-02,3.60E-02,3.70E-02,3.42E-02,3.62E-02,4.42E-02,3.23E-02,3.19E-02,3.19E-02,4.67E-02,-1.53E-03,3.47E-02,3.77E-02,9.48E-03,4.16E-02,4.08E-03,5.41E-02,3.23E-02,7.60E-02,5.42E-02,4.64E-02,8.18E-03,2.90E-02,2.50E-02,3.93E-02,-1.41E-03,3.49E-02,3.80E-02,1.01E-02,4.24E-02,5.26E-03,1.54E-02,3.46E-02,4.33E-02,3.14E-02
8674,Pt,Pt,O2S,PtPtO2S,4.379,0.2,0.2,1.48,2.51E-02,5.46E-02,1.05E-01,6.44E-02,1.65E-02,6.83E-02,3.99E-02,4.61E-02,1.11E-02,5.79E-03,2.07E-02,4.26E-02,5.14E-02,4.48E-02,5.20E-02,3.25E-02,4.03E-02,9.22E-02,6.72E-02,2.44E-02,8.11E-02,3.87E-02,4.68E-02,1.87E-02,7.14E-03,2.78E-02,3.05E-02,5.02E-02,3.70E-02,3.90E-02,3.66E-02,3.70E-02,3.70E-02,3.70E-02,3.65E-02,3.75E-02,3.70E-02,3.68E-02,3.74E-02,3.67E-02,3.75E-02,3.60E-02,3.70E-02,3.42E-02,3.62E-02,3.62E-02,3.77E-02,3.64E-02,3.64E-02,3.58E-02,3.08E-02,3.68E-02,3.53E-02,3.08E-02,3.68E-02,4.20E-02,3.34E-02,3.66E-02,3.04E-02,3.61E-02,7.87E-03,7.59E-02,4.80E-02,5.71E-02,4.46E-02,4.03E-02,3.75E-02,2.71E-02,2.95E-03,2.89E-02,5.45E-02,7.39E-02,2.94E-02,5.19E-02,6.27E-02
6369,Al,Ta,ON2,AlTaON2,4.083,2.7,2.1,0.58,2.15E-02,3.65E-02,1.32E-02,8.90E-03,1.81E-02,1.50E-02,4.62E-02,3.07E-02,2.91E-02,4.01E-02,6.84E-02,2.32E-02,3.63E-02,3.36E-02,3.90E-02,3.30E-02,5.63E-02,7.16E-02,6.24E-02,2.85E-02,2.37E-02,2.95E-02,4.10E-02,1.34E-02,7.69E-03,2.23E-02,5.58E-02,3.30E-02,4.63E-02,4.88E-02,3.66E-02,3.70E-02,3.70E-02,3.70E-02,3.65E-02,3.75E-02,3.70E-02,3.68E-02,3.74E-02,3.67E-02,3.75E-02,3.60E-02,3.70E-02,3.42E-02,3.62E-02,4.42E-02,3.23E-02,3.19E-02,3.19E-02,4.67E-02,-1.53E-03,3.47E-02,3.77E-02,9.48E-03,4.16E-02,4.08E-03,5.41E-02,3.23E-02,7.60E-02,5.42E-02,4.64E-02,8.18E-03,2.90E-02,2.50E-02,3.93E-02,-1.41E-03,3.49E-02,3.80E-02,1.01E-02,4.24E-02,5.26E-03,1.54E-02,3.46E-02,4.33E-02,3.14E-02
11234,Ag,Zr,O2F,AgZrO2F,4.221,2.6,2,0.32,4.58E-02,3.24E-02,5.13E-02,3.56E-02,1.85E-02,4.18E-02,4.12E-02,3.88E-02,2.38E-02,1.05E-02,1.24E-01,2.45E-02,4.35E-02,2.24E-02,1.30E-02,4.33E-02,4.60E-02,2.80E-02,3.14E-02,3.75E-02,1.98E-02,2.70E-02,3.30E-02,1.21E-02,1.53E-02,8.80E-03,3.26E-02,2.93E-02,3.70E-02,3.90E-02,3.66E-02,3.70E-02,3.70E-02,3.70E-02,3.65E-02,3.75E-02,3.70E-02,3.68E-02,3.74E-02,3.67E-02,3.75E-02,3.60E-02,3.70E-02,3.42E-02,3.62E-02,3.62E-02,3.77E-02,3.64E-02,3.64E-02,3.58E-02,3.08E-02,3.68E-02,3.53E-02,3.08E-02,3.68E-02,4.20E-02,3.34E-02,3.66E-02,3.04E-02,3.61E-02,3.61E-02,8.99E-03,3.93E-02,3.39E-02,2.85E-02,6.59E-02,3.96E-02,4.55E-02,7.59E-02,3.35E-02,5.65E-03,1.11E-02,4.53E-02,8.65E-03,1.05E-02
7097,Te,Ge,ON2,TeGeON2,3.903,1.1,0.5,0.82,3.86E-02,1.68E-02,3.05E-02,4.21E-02,3.70E-02,6.33E-02,5.70E-02,4.62E-02,2.37E-02,8.99E-03,6.78E-04,3.79E-02,4.73E-02,6.72E-02,5.20E-02,2.73E-02,3.05E-02,2.29E-02,2.50E-02,3.59E-02,4.74E-02,4.86E-02,4.11E-02,1.21E-02,1.76E-02,2.32E-02,4.93E-02,4.43E-02,3.70E-02,3.90E-02,3.66E-02,3.70E-02,3.70E-02,3.70E-02,3.65E-02,3.75E-02,3.70E-02,3.68E-02,3.74E-02,3.67E-02,3.75E-02,3.60E-02,3.70E-02,3.42E-02,3.62E-02,4.42E-02,3.23E-02,3.19E-02,3.19E-02,4.67E-02,-1.53E-03,3.47E-02,3.77E-02,9.48E-03,4.16E-02,4.08E-03,5.41E-02,3.23E-02,7.60E-02,5.42E-02,4.64E-02,8.18E-03,2.90E-02,2.50E-02,3.93E-02,-1.41E-03,3.49E-02,3.80E-02,1.01E-02,4.24E-02,5.26E-03,1.54E-02,3.46E-02,4.33E-02,3.14E-02
1015,Te,B,O2N,TeBO2N,3.612,1.2,0.6,1.24,3.86E-02,1.68E-02,3.05E-02,4.21E-02,3.70E-02,6.33E-02,5.70E-02,4.62E-02,2.37E-02,8.99E-03,6.78E-04,3.79E-02,4.73E-02,6.72E-02,5.20E-02,1.19E-02,4.20E-02,1.01E-02,3.73E-03,1.25E-02,1.07E-02,4.43E-02,2.75E-02,1.00E-02,5.64E-02,1.05E-02,3.50E-02,4.49E-02,2.78E-02,2.93E-02,3.66E-02,3.70E-02,3.70E-02,3.70E-02,3.65E-02,3.75E-02,3.70E-02,3.68E-02,3.74E-02,3.67E-02,3.75E-02,3.60E-02,3.70E-02,3.42E-02,3.62E-02,3.62E-02,3.77E-02,3.64E-02,3.64E-02,3.58E-02,3.08E-02,3.68E-02,3.53E-02,3.08E-02,3.68E-02,4.20E-02,3.34E-02,3.66E-02,3.04E-02,3.61E-02,4.64E-02,8.18E-03,2.90E-02,2.50E-02,3.93E-02,-1.41E-03,3.49E-02,3.80E-02,1.01E-02,4.24E-02,5.26E-03,1.54E-02,3.46E-02,4.33E-02,3.14E-02
4747,Mg,Zr,OFN,MgZrOFN,4.252,2.4,1.8,0.76,2.87E-02,1.84E-02,8.50E-03,8.02E-03,2.55E-02,-7.65E-02,4.31E-02,3.92E-02,3.12E-02,4.54E-02,4.50E-02,1.94E-02,2.95E-02,2.24E-02,2.60E-02,4.33E-02,4.60E-02,2.80E-02,3.14E-02,3.75E-02,1.98E-02,2.70E-02,3.30E-02,1.21E-02,1.53E-02,8.80E-03,3.26E-02,2.93E-02,3.70E-02,3.90E-02,3.66E-02,3.70E-02,3.70E-02,3.70E-02,3.65E-02,3.75E-02,3.70E-02,3.68E-02,3.74E-02,3.67E-02,3.75E-02,3.60E-02,3.70E-02,3.42E-02,3.62E-02,3.43E-02,3.55E-02,4.32E-02,4.33E-02,3.39E-02,7.17E-02,3.93E-02,4.51E-02,7.11E-02,3.29E-02,4.38E-03,3.91E-02,4.23E-02,1.52E-02,1.81E-02,4.64E-02,8.18E-03,2.90E-02,2.50E-02,3.93E-02,-1.41E-03,3.49E-02,3.80E-02,1.01E-02,4.24E-02,5.26E-03,1.54E-02,3.46E-02,4.33E-02,3.14E-02
3264,Ba,Ti,OFN,BaTiOFN,4.164,1.7,1.5,0.38,5.66E-02,2.77E-02,1.75E-02,4.53E-02,6.85E-02,-1.73E-02,5.70E-03,2.67E-02,2.59E-02,9.08E-03,5.31E-03,1.74E-02,2.01E-02,2.24E-02,2.60E-02,3.14E-02,3.50E-02,1.95E-02,1.65E-02,2.85E-02,7.90E-03,2.64E-02,3.55E-02,1.83E-02,2.87E-02,8.49E-03,2.88E-02,3.39E-02,3.70E-02,3.90E-02,3.66E-02,3.70E-02,3.70E-02,3.70E-02,3.65E-02,3.75E-02,3.70E-02,3.68E-02,3.74E-02,3.67E-02,3.75E-02,3.60E-02,3.70E-02,3.42E-02,3.62E-02,3.43E-02,3.55E-02,4.32E-02,4.33E-02,3.39E-02,7.17E-02,3.93E-02,4.51E-02,7.11E-02,3.29E-02,4.38E-03,3.91E-02,4.23E-02,1.52E-02,1.81E-02,4.64E-02,8.18E-03,2.90E-02,2.50E-02,3.93E-02,-1.41E-03,3.49E-02,3.80E-02,1.01E-02,4.24E-02,5.26E-03,1.54E-02,3.46E-02,4.33E-02,3.14E-02
16147,Al,Sc,O3,AlScO3,4.001,0.9,0.8,1,2.15E-02,3.65E-02,1.32E-02,8.90E-03,1.81E-02,1.50E-02,4.62E-02,3.07E-02,2.91E-02,4.01E-02,6.84E-02,2.32E-02,3.63E-02,3.36E-02,3.90E-02,3.86E-02,3.05E-02,1.29E-02,1.55E-02,4.03E-02,7.15E-03,6.76E-03,3.40E-02,2.13E-02,3.12E-02,6.12E-03,2.50E-02,2.99E-02,2.78E-02,2.93E-02,3.66E-02,3.70E-02,3.70E-02,3.70E-02,3.65E-02,3.75E-02,3.70E-02,3.68E-02,3.74E-02,3.67E-02,3.75E-02,3.60E-02,3.70E-02,3.42E-02,3.62E-02,3.62E-02,3.77E-02,3.64E-02,3.64E-02,3.58E-02,3.08E-02,3.68E-02,3.53E-02,3.08E-02,3.68E-02,4.20E-02,3.34E-02,3.66E-02,3.04E-02,3.61E-02,3.80E-02,9.53E-03,3.31E-02,2.85E-02,3.01E-02,2.83E-02,3.70E-02,3.56E-02,3.29E-02,3.74E-02,5.42E-02,9.48E-03,3.92E-02,1.73E-02,2.09E-02
5854,Ti,Hf,ON2,TiHfON2,4.127,0.9,0.6,0.72,2.43E-02,4.74E-02,2.22E-02,1.58E-02,1.92E-02,6.66E-03,2.72E-02,3.50E-02,1.08E-02,2.33E-02,6.32E-03,4.03E-02,3.47E-02,4.48E-02,5.20E-02,4.28E-02,4.79E-02,5.72E-02,6.15E-02,3.63E-02,0.00E+00,2.77E-02,3.46E-02,1.26E-02,7.69E-03,8.92E-03,3.37E-02,2.86E-02,3.70E-02,3.90E-02,3.66E-02,3.70E-02,3.70E-02,3.70E-02,3.65E-02,3.75E-02,3.70E-02,3.68E-02,3.74E-02,3.67E-02,3.75E-02,3.60E-02,3.70E-02,3.42E-02,3.62E-02,4.42E-02,3.23E-02,3.19E-02,3.19E-02,4.67E-02,-1.53E-03,3.47E-02,3.77E-02,9.48E-03,4.16E-02,4.08E-03,5.41E-02,3.23E-02,7.60E-02,5.42E-02,4.64E-02,8.18E-03,2.90E-02,2.50E-02,3.93E-02,-1.41E-03,3.49E-02,3.80E-02,1.01E-02,4.24E-02,5.26E-03,1.54E-02,3.46E-02,4.33E-02,3.14E-02
6353,Hf,Ge,ON2,HfGeON2,3.83,2.2,1.6,0.82,3.31E-02,6.49E-02,6.50E-02,5.89E-02,2.44E-02,0.00E+00,2.85E-02,3.41E-02,7.43E-03,6.23E-03,6.64E-03,4.72E-02,2.93E-02,4.48E-02,5.20E-02,2.73E-02,3.05E-02,2.29E-02,2.50E-02,3.59E-02,4.74E-02,4.86E-02,4.11E-02,1.21E-02,1.76E-02,2.32E-02,4.93E-02,4.43E-02,3.70E-02,3.90E-02,3.66E-02,3.70E-02,3.70E-02,3.70E-02,3.65E-02,3.75E-02,3.70E-02,3.68E-02,3.74E-02,3.67E-02,3.75E-02,3.60E-02,3.70E-02,3.42E-02,3.62E-02,4.42E-02,3.23E-02,3.19E-02,3.19E-02,4.67E-02,-1.53E-03,3.47E-02,3.77E-02,9.48E-03,4.16E-02,4.08E-03,5.41E-02,3.23E-02,7.60E-02,5.42E-02,4.64E-02,8.18E-03,2.90E-02,2.50E-02,3.93E-02,-1.41E-03,3.49E-02,3.80E-02,1.01E-02,4.24E-02,5.26E-03,1.54E-02,3.46E-02,4.33E-02,3.14E-02
3557,K,Nb,OFN,KNbOFN,4.215,1.2,1.1,0.44,6.01E-02,1.38E-02,4.20E-03,1.29E-02,8.24E-02,1.61E-02,1.90E-03,2.23E-02,1.03E-01,3.37E-02,2.96E-02,5.05E-03,1.85E-02,1.12E-02,1.30E-02,3.30E-02,4.93E-02,3.68E-02,3.20E-02,2.93E-02,3.79E-02,2.89E-02,3.58E-02,1.55E-02,1.46E-02,2.08E-02,4.17E-02,3.52E-02,4.63E-02,4.88E-02,3.66E-02,3.70E-02,3.70E-02,3.70E-02,3.65E-02,3.75E-02,3.70E-02,3.68E-02,3.74E-02,3.67E-02,3.75E-02,3.60E-02,3.70E-02,3.42E-02,3.62E-02,3.43E-02,3.55E-02,4.32E-02,4.33E-02,3.39E-02,7.17E-02,3.93E-02,4.51E-02,7.11E-02,3.29E-02,4.38E-03,3.91E-02,4.23E-02,1.52E-02,1.81E-02,4.64E-02,8.18E-03,2.90E-02,2.50E-02,3.93E-02,-1.41E-03,3.49E-02,3.80E-02,1.01E-02,4.24E-02,5.26E-03,1.54E-02,3.46E-02,4.33E-02,3.14E-02
6233,Zr,Sn,ON2,ZrSnON2,4.134,1.6,1.6,0.94,3.35E-02,6.23E-02,3.18E-02,3.01E-02,2.53E-02,1.66E-02,2.79E-02,3.25E-02,7.17E-03,1.24E-02,6.55E-03,4.55E-02,3.00E-02,4.48E-02,5.20E-02,3.66E-02,2.83E-02,3.14E-02,4.09E-02,4.37E-02,4.78E-02,4.92E-02,3.82E-02,4.69E-02,1.25E-02,2.58E-02,1.12E-02,4.31E-02,3.70E-02,3.90E-02,3.66E-02,3.70E-02,3.70E-02,3.70E-02,3.65E-02,3.75E-02,3.70E-02,3.68E-02,3.74E-02,3.67E-02,3.75E-02,3.60E-02,3.70E-02,3.42E-02,3.62E-02,4.42E-02,3.23E-02,3.19E-02,3.19E-02,4.67E-02,-1.53E-03,3.47E-02,3.77E-02,9.48E-03,4.16E-02,4.08E-03,5.41E-02,3.23E-02,7.60E-02,5.42E-02,4.64E-02,8.18E-03,2.90E-02,2.50E-02,3.93E-02,-1.41E-03,3.49E-02,3.80E-02,1.01E-02,4.24E-02,5.26E-03,1.54E-02,3.46E-02,4.33E-02,3.14E-02
8209,Ir,Nb,O2S,IrNbO2S,4.375,0.7,0.4,0.68,2.51E-02,6.26E-02,1.10E-01,6.34E-02,1.50E-02,4.99E-02,3.80E-02,4.67E-02,8.06E-03,5.79E-03,4.24E-02,5.72E-02,4.96E-02,3.36E-02,5.20E-02,3.30E-02,4.93E-02,3.68E-02,3.20E-02,2.93E-02,3.79E-02,2.89E-02,3.58E-02,1.55E-02,1.46E-02,2.08E-02,4.17E-02,3.52E-02,4.63E-02,4.88E-02,3.66E-02,3.70E-02,3.70E-02,3.70E-02,3.65E-02,3.75E-02,3.70E-02,3.68E-02,3.74E-02,3.67E-02,3.75E-02,3.60E-02,3.70E-02,3.42E-02,3.62E-02,3.62E-02,3.77E-02,3.64E-02,3.64E-02,3.58E-02,3.08E-02,3.68E-02,3.53E-02,3.08E-02,3.68E-02,4.20E-02,3.34E-02,3.66E-02,3.04E-02,3.61E-02,7.87E-03,7.59E-02,4.80E-02,5.71E-02,4.46E-02,4.03E-02,3.75E-02,2.71E-02,2.95E-03,2.89E-02,5.45E-02,7.39E-02,2.94E-02,5.19E-02,6.27E-02
2439,Pt,In,O2N,PtInO2N,4.198,0.2,0.2,1.36,2.51E-02,5.46E-02,1.05E-01,6.44E-02,1.65E-02,6.83E-02,3.99E-02,4.61E-02,1.11E-02,5.79E-03,2.07E-02,4.26E-02,5.14E-02,4.48E-02,5.20E-02,4.12E-02,2.31E-02,3.14E-02,3.96E-02,4.22E-02,1.15E-02,4.61E-02,3.01E-02,6.84E-02,1.28E-02,3.16E-02,5.05E-03,3.92E-02,2.78E-02,2.93E-02,3.66E-02,3.70E-02,3.70E-02,3.70E-02,3.65E-02,3.75E-02,3.70E-02,3.68E-02,3.74E-02,3.67E-02,3.75E-02,3.60E-02,3.70E-02,3.42E-02,3.62E-02,3.62E-02,3.77E-02,3.64E-02,3.64E-02,3.58E-02,3.08E-02,3.68E-02,3.53E-02,3.08E-02,3.68E-02,4.20E-02,3.34E-02,3.66E-02,3.04E-02,3.61E-02,4.64E-02,8.18E-03,2.90E-02,2.50E-02,3.93E-02,-1.41E-03,3.49E-02,3.80E-02,1.01E-02,4.24E-02,5.26E-03,1.54E-02,3.46E-02,4.33E-02,3.14E-02
10814,Y,La,O2S,YLaO2S,4.993,2.2,2.1,1.06,4.06E-02,4.81E-02,2.18E-02,2.93E-02,3.59E-02,0.00E+00,7.60E-03,3.27E-02,1.42E-02,1.34E-02,4.96E-03,3.72E-02,2.75E-02,3.36E-02,3.90E-02,5.98E-02,3.67E-02,2.64E-02,4.79E-02,6.05E-02,1.98E-02,7.99E-03,2.90E-02,1.11E-02,1.04E-02,5.23E-03,1.75E-02,2.42E-02,2.78E-02,2.93E-02,3.66E-02,3.70E-02,3.70E-02,3.70E-02,3.65E-02,3.75E-02,3.70E-02,3.68E-02,3.74E-02,3.67E-02,3.75E-02,3.60E-02,3.70E-02,3.42E-02,3.62E-02,3.62E-02,3.77E-02,3.64E-02,3.64E-02,3.58E-02,3.08E-02,3.68E-02,3.53E-02,3.08E-02,3.68E-02,4.20E-02,3.34E-02,3.66E-02,3.04E-02,3.61E-02,7.87E-03,7.59E-02,4.80E-02,5.71E-02,4.46E-02,4.03E-02,3.75E-02,2.71E-02,2.95E-03,2.89E-02,5.45E-02,7.39E-02,2.94E-02,5.19E-02,6.27E-02
13374,Cu,Ti,O2F,CuTiO2F,3.929,2.7,2.6,0.2,2.91E-02,3.78E-02,4.38E-02,2.09E-02,1.29E-02,3.94E-02,4.05E-02,3.96E-02,2.08E-02,1.71E-02,1.16E-01,2.85E-02,4.28E-02,2.24E-02,2.60E-02,3.14E-02,3.50E-02,1.95E-02,1.65E-02,2.85E-02,7.90E-03,2.64E-02,3.55E-02,1.83E-02,2.87E-02,8.49E-03,2.88E-02,3.39E-02,3.70E-02,3.90E-02,3.66E-02,3.70E-02,3.70E-02,3.70E-02,3.65E-02,3.75E-02,3.70E-02,3.68E-02,3.74E-02,3.67E-02,3.75E-02,3.60E-02,3.70E-02,3.42E-02,3.62E-02,3.62E-02,3.77E-02,3.64E-02,3.64E-02,3.58E-02,3.08E-02,3.68E-02,3.53E-02,3.08E-02,3.68E-02,4.20E-02,3.34E-02,3.66E-02,3.04E-02,3.61E-02,3.61E-02,8.99E-03,3.93E-02,3.39E-02,2.85E-02,6.59E-02,3.96E-02,4.55E-02,7.59E-02,3.35E-02,5.65E-03,1.11E-02,4.53E-02,8.65E-03,1.05E-02
6141,Zr,Ti,ON2,ZrTiON2,3.923,2.3,2,0.4,3.35E-02,6.23E-02,3.18E-02,3.01E-02,2.53E-02,1.66E-02,2.79E-02,3.25E-02,7.17E-03,1.24E-02,6.55E-03,4.55E-02,3.00E-02,4.48E-02,5.20E-02,3.14E-02,3.50E-02,1.95E-02,1.65E-02,2.85E-02,7.90E-03,2.64E-02,3.55E-02,1.83E-02,2.87E-02,8.49E-03,2.88E-02,3.39E-02,3.70E-02,3.90E-02,3.66E-02,3.70E-02,3.70E-02,3.70E-02,3.65E-02,3.75E-02,3.70E-02,3.68E-02,3.74E-02,3.67E-02,3.75E-02,3.60E-02,3.70E-02,3.42E-02,3.62E-02,4.42E-02,3.23E-02,3.19E-02,3.19E-02,4.67E-02,-1.53E-03,3.47E-02,3.77E-02,9.48E-03,4.16E-02,4.08E-03,5.41E-02,3.23E-02,7.60E-02,5.42E-02,4.64E-02,8.18E-03,2.90E-02,2.50E-02,3.93E-02,-1.41E-03,3.49E-02,3.80E-02,1.01E-02,4.24E-02,5.26E-03,1.54E-02,3.46E-02,4.33E-02,3.14E-02
9860,Ge,Zr,O2S,GeZrO2S,4.549,2.8,2.5,0.6,2.11E-02,4.14E-02,2.60E-02,2.40E-02,2.42E-02,3.99E-02,5.00E-02,4.05E-02,7.17E-03,1.42E-02,1.73E-02,6.90E-02,4.53E-02,4.48E-02,5.20E-02,4.33E-02,4.60E-02,2.80E-02,3.14E-02,3.75E-02,1.98E-02,2.70E-02,3.30E-02,1.21E-02,1.53E-02,8.80E-03,3.26E-02,2.93E-02,3.70E-02,3.90E-02,3.66E-02,3.70E-02,3.70E-02,3.70E-02,3.65E-02,3.75E-02,3.70E-02,3.68E-02,3.74E-02,3.67E-02,3.75E-02,3.60E-02,3.70E-02,3.42E-02,3.62E-02,3.62E-02,3.77E-02,3.64E-02,3.64E-02,3.58E-02,3.08E-02,3.68E-02,3.53E-02,3.08E-02,3.68E-02,4.20E-02,3.34E-02,3.66E-02,3.04E-02,3.61E-02,7.87E-03,7.59E-02,4.80E-02,5.71E-02,4.46E-02,4.03E-02,3.75E-02,2.71E-02,2.95E-03,2.89E-02,5.45E-02,7.39E-02,2.94E-02,5.19E-02,6.27E-02
12260,Li,Te,O2F,LiTeO2F,4.345,0.5,0.5,0.88,3.03E-02,2.15E-02,2.59E-03,2.29E-03,2.35E-02,1.99E-02,6.33E-04,2.76E-02,5.79E-02,1.59E-01,2.44E-02,6.51E-03,2.21E-02,1.12E-02,1.30E-02,5.00E-02,1.24E-02,2.68E-02,4.40E-02,5.49E-02,7.51E-02,5.53E-02,4.68E-02,4.00E-02,1.11E-02,9.11E-04,2.71E-02,4.62E-02,5.55E-02,3.90E-02,3.66E-02,3.70E-02,3.70E-02,3.70E-02,3.65E-02,3.75E-02,3.70E-02,3.68E-02,3.74E-02,3.67E-02,3.75E-02,3.60E-02,3.70E-02,3.42E-02,3.62E-02,3.62E-02,3.77E-02,3.64E-02,3.64E-02,3.58E-02,3.08E-02,3.68E-02,3.53E-02,3.08E-02,3.68E-02,4.20E-02,3.34E-02,3.66E-02,3.04E-02,3.61E-02,3.61E-02,8.99E-03,3.93E-02,3.39E-02,2.85E-02,6.59E-02,3.96E-02,4.55E-02,7.59E-02,3.35E-02,5.65E-03,1.11E-02,4.53E-02,8.65E-03,1.05E-02